908 1850 455 952
660376 643658 290 685
1109696 211664 200 599
1960805 765797 329 782
2409051 314874 70 289
2567022 153078 165 862
2957268 261270 90 837
4445752 608539 371 924
4805916 335026 79 384
6541287 969870 161 556
7594198 510356 99 978
8383904 714592 211 638
10267503 283318 176 502
10409091 117907 288 870
11334351 165727 308 899
12113357 280673 332 808
14046787 1685387 160 774
15015774 273563 308 694
16342938 246019 140 400
16375352 18542 413 865
16979683 141706 372 987
17641815 262372 61 919
18482043 97016 282 814
19585851 845372 70 849
19769124 71911 200 599
20148637 136411 37 819
20950758 706266 198 787
24021943 1091648 161 396
24760711 163018 402 932
25068536 72964 273 696
25640466 193396 70 544
26012162 67196 227 538
28244670 523405 171 746
28529687 24645 89 960
29648377 389040 209 874
30224733 267497 180 516
31105167 803390 132 678
31247711 119494 42 811
31769108 284512 202 754
33104602 342731 44 750
33641881 485856 28 109
34054433 255140 258 847
34618789 501753 97 260
34882836 198149 124 826
35106759 210922 99 350
35623142 146819 6 531
35948376 308557 150 743
36505793 517693 80 230
37392152 765673 149 944
38528379 851343 250 545
38886836 322092 16 662
39533405 363508 3 857
40827689 309767 79 647
41046492 16514 262 919
42116915 831568 276 913
42423384 36800 277 872
44077025 496252 118 659
44267071 174239 95 402
44469094 130164 340 717
45310311 297936 199 588
46620147 1043849 8 763
50291771 1748859 93 348
51628832 828852 251 579
52037487 65687 192 549
53138015 124730 238 645
54102074 306220 149 475
54340553 198298 225 824
55457881 262303 162 524
56565604 906311 253 1000
56996821 76673 118 324
57973242 570451 81 733
58884327 632021 9 224
59225557 55376 43 614
60214032 881531 275 636
61287194 756907 318 723
61917201 555948 118 794
62040831 92391 240 673
63509092 753322 322 829
64016270 102131 33 688
64610318 591946 89 461
65933728 783853 40 725
66339678 384684 125 891
67645222 1187175 237 803
68577368 851196 311 681
68718631 57634 63 559
69279711 481521 232 878
69556168 255955 417 888
71327685 161162 13 798
71732462 299714 19 511
72497034 196973 149 775
72751712 39106 302 839
73490406 238887 165 715
74216992 37508 91 993
74852163 384014 266 787
75218990 279890 324 706
75338812 70169 63 580
76239534 745802 258 891
77206378 800270 191 816
77623985 141682 298 872
78635393 1000444 129 358
78956523 100766 67 865
79203429 125696 302 660
80496002 60262 20 914
81256514 393845 171 707
82191722 841003 48 761
82325383 35025 141 742
82580020 122882 147 592
83079265 28611 350 816
83447510 228860 22 850
84267760 240536 199 799
85186734 104796 1 315
86007535 745781 32 856
88831453 190212 102 405
89534687 370560 243 524
90077266 337213 326 964
90589946 363660 112 499
91159814 556743 88 956
92265697 190185 76 493
93469906 1056505 60 677
93744900 28572 113 386
94245836 330606 181 775
94828255 243070 153 399
95052289 198245 361 930
95867529 773527 118 394
96468742 117218 18 765
96626215 41245 182 789
97788633 855716 146 618
98487283 501180 179 474
98736842 170019 63 361
99390294 142711 150 356
100987459 1573201 172 662
101834079 137356 162 864
101914267 61093 192 887
103395580 365890 144 721
103839860 390078 21 468
104401809 59818 59 926
105190701 238251 54 875
105350352 77130 316 936
108818023 2326633 179 961
110521181 504482 111 236
111197128 67215 53 352
112046462 750680 215 995
112894077 507850 50 315
113194816 94288 13 954
113966548 531556 275 970
114398782 244194 167 545
114867150 318398 399 848
116821691 1577829 53 797
118181746 1270078 98 298
119504191 1129972 44 221
120000204 204412 67 775
121085954 139015 58 400
121633090 409095 135 571
123663765 57910 51 290
124462869 95692 75 211
124792303 197613 68 790
125679450 784009 196 755
125816962 61219 23 462
126205512 372413 12 27
127791823 508866 404 975
128122193 52636 207 576
128537923 87608 89 331
129065819 250796 357 883
129707018 73453 39 815
129911496 164430 434 928
131311583 158613 269 937
131999313 470590 187 773
133600785 445293 130 630
134547139 57266 146 532
135544959 809662 22 467
136748467 116699 14 483
136837493 27148 44 221
137626159 421049 7 397
137908440 76328 358 797
138775646 176398 309 861
139469184 85521 133 481
139815080 204480 211 585
140816123 701159 157 380
141381756 109899 63 376
141591940 40284 367 810
142515564 240244 25 961
144071926 1345395 74 579
144793382 197005 419 963
145527344 113635 25 207
146205335 558297 82 874
146816698 398796 3 948
147097407 3317 294 992
147909941 521940 108 925
150794941 678605 180 671
153260953 313083 5 867
154642492 534168 80 722
156041148 693364 92 833
156653985 467188 132 678
158933630 493858 199 791
160582794 1549558 271 661
161377048 611306 279 799
162616239 862740 178 467
163129564 442649 64 731
163755302 298195 179 565
165127300 409462 276 849
166985398 928665 196 434
170316723 700412 74 231
171587042 92437 298 713
172490140 439428 10 575
172786602 51226 369 842
175418198 1078685 47 898
176785590 1039251 95 603
177933024 396610 15 621
178636838 370429 379 822
179570339 305725 280 812
180827167 475867 316 936
182616237 133704 115 712
184149858 641547 58 925
186827027 97040 421 992
187895848 403106 111 962
188798647 412735 100 683
190624246 312122 133 931
193662091 974941 132 645
194128220 89260 161 561
194576922 375749 181 444
195960733 1079609 133 365
197734508 1216164 427 914
198615780 689020 138 553
200404889 384608 327 726
200482847 23335 261 936
200559581 27104 83 863
202226206 664790 319 828
202950773 306400 385 957
203556510 576834 258 786
204932516 653246 29 306
208237639 767476 103 972
208624129 141009 52 971
210592953 1601893 33 260
212336982 145885 235 834
213317811 562211 471 1000
215630549 1783050 252 642
216272648 268634 243 558
216582328 109326 97 783
218182718 17585 64 763
219577282 205692 40 249
219648459 35469 281 930
220628429 603720 50 129
222433525 897129 336 887
223141824 505277 274 825
223711729 56918 124 851
224318889 549641 100 508
224589472 230650 366 919
228076586 343850 29 330
228749406 562312 148 330
230101964 620489 94 269
230532775 56609 165 531
231232283 344544 243 524
233348204 1176881 86 759
234433653 397964 103 560
236491490 478883 259 804
237410465 210046 160 361
237992311 109803 298 991
240367077 1294230 289 774
242920656 1884718 95 603
243487481 342735 418 903
244277250 590231 47 444
246004470 1215790 160 343
246081481 53865 248 675
246606926 504797 225 532
247230593 211380 228 691
248331443 55875 61 672
249865566 806986 137 875
250545803 295538 35 373
251319193 670458 216 944
252248450 344349 381 969
253639812 817760 103 730
253900649 169351 114 659
255866304 358360 113 890
257784238 352618 196 840
258461872 291303 141 993
260240581 225151 59 768
262124217 67286 1 709
263121938 951524 262 975
264137370 531532 322 814
265900693 534056 175 567
266585590 363234 35 955
267150470 313336 303 883
268510969 640389 268 739
270859934 839552 86 729
272756633 1891016 360 941
275821777 824042 430 947
278840235 2296832 422 993
279665178 330520 21 220
280160699 143380 379 822
280502315 115117 91 962
281118998 54633 287 855
281440796 21009 233 890
283501868 122613 148 843
284072023 26970 391 926
285633016 120364 465 975
286897690 519808 132 892
290141880 3112230 117 524
291634718 325512 221 792
292456213 184524 45 261
292879472 68898 163 605
293854538 927247 100 527
294427501 144255 12 472
295076815 97561 288 805
298494292 3146664 19 198
299211894 381930 30 407
300547768 149428 15 852
300972056 85555 90 621
303733791 693530 112 284
305092512 1303370 253 665
306111763 303787 275 959
307530120 458066 286 612
309923652 2320392 170 708
311415219 274708 12 231
313125924 1025129 250 545
314566055 340912 343 986
314885102 150794 161 653
315912040 328342 357 955
317499889 851034 89 907
318251023 452084 28 426
318380331 66366 184 968
319701386 64393 88 920
320634527 555976 49 130
322032808 1335481 8 388
322846079 152384 81 994
324691127 1265074 169 558
325287468 217980 172 791
326910588 1556593 279 930
328295522 1334617 110 577
330354850 1398284 335 942
331426341 932409 21 465
333229758 393045 318 752
335413937 886835 159 813
335770838 40106 356 908
336435474 151122 8 211
338113184 327733 80 503
339453534 1078918 312 804
340420800 421548 73 254
341873847 376171 67 897
343506291 509478 95 547
344428306 776510 300 780
346366891 155025 120 878
346802315 184367 136 562
348201010 851252 159 819
349561083 1306246 237 565
353473484 3031456 175 460
354301550 257565 59 296
355836400 145940 70 544
356219986 189451 315 752
357013626 5406 124 446
357406653 3295 145 964
357835823 56737 424 938
358633560 465995 366 837
359225862 162344 160 997
361966627 442142 251 838
362240187 14195 31 253
363369417 189906 97 894
364010331 529544 155 656
364381626 61382 46 971
365834008 1066081 208 689
366497771 18326 38 671
368033938 1420327 63 897
370099941 1597928 116 859
370438123 178847 5 607
371122336 414968 132 414
374012654 585583 75 330
376130226 301443 294 961
376600179 13902 43 420
377037957 174815 171 746
377178697 99314 54 554
379716913 635340 232 540
380067442 225717 242 891
380714089 138938 26 882
380975916 124548 342 875
381774008 417034 250 897
384150681 2076179 58 257
385498662 771743 393 987
386426140 501693 92 634
387996553 58311 88 997
389308428 17782 99 246
389902737 372637 84 182
391162648 333337 1 774
392143991 809554 100 508
393160872 46847 5 777
394418058 1122562 163 836
394998388 553389 167 565
396041205 66616 267 875
396578018 413269 24 419
398845746 1683156 156 760
399573337 519701 35 797
400053078 198370 100 683
402583928 323886 228 870
403951046 457190 169 362
407075429 831117 7 888
407454433 247042 3 69
408277878 206701 334 953
408997410 342286 183 907
410620260 1478794 20 999
412079664 1214323 166 565
412606317 432395 397 841
413203356 162618 256 792
413429018 134776 404 975
414291510 750401 299 889
414730039 202869 158 434
415339934 586737 84 299
416129028 721748 8 26
417092567 227893 56 593
418115490 382015 216 902
418859310 437424 49 464
420075545 569515 171 608
420566944 250914 263 779
422123037 300438 23 239
424111916 1146724 53 469
428144384 2293008 174 792
432024545 922677 140 574
432985543 313713 145 602
434267540 500587 157 493
435871078 1420156 115 915
436304469 326614 149 775
438577422 1955498 273 746
440406894 1383286 133 698
442198494 1257388 79 395
444138942 1131211 55 497
446239513 206289 40 707
446460570 179555 14 81
448096470 566720 311 792
449939967 580390 71 373
450289988 31349 301 749
452479525 1582904 5 42
453379765 156093 130 959
456246852 1290129 93 828
457043233 529078 21 468
457347775 228319 94 270
459889267 270706 85 803
460226093 37940 138 627
462974223 2352167 361 757
466889561 206342 314 664
469182541 2186931 157 902
470600808 189829 65 502
474502817 3162020 381 897
477052199 1309829 111 294
478715622 202216 44 486
479947174 894274 50 315
481922969 385866 96 436
482890362 330332 109 976
483713320 373549 18 815
484481238 521392 74 993
485307074 120835 61 584
486253929 847267 204 878
487799075 1520168 122 932
489047482 949312 337 729
489682175 560735 68 593
491330612 1230338 56 985
491700793 328916 84 776
492398598 55474 332 987
493218321 553652 251 579
493693682 162986 273 696
494012054 31985 322 882
497126675 194962 299 650
497895945 478900 313 713
498549452 236769 63 645
500394579 1226585 169 765
501076387 565443 35 841
501799804 362349 97 497
502175550 321033 217 777
502960167 86016 235 569
503706671 171311 178 438
504619124 246001 7 473
505434192 127788 58 732
506352069 548380 51 979
506586881 59182 156 927
506984052 95725 77 873
508877877 1354183 21 220
509747768 31905 245 631
510439685 196510 238 830
511346920 201602 12 47
513766306 1535371 35 382
517254764 2723572 182 749
517551727 44175 144 489
518255854 635141 127 546
519811934 114454 4 849
520183564 294843 400 966
521458113 274578 37 439
523721819 2187637 53 355
524208685 84353 250 957
524619782 253853 59 943
526188939 1182492 92 242
526828534 42159 293 797
528887848 952503 140 391
529644272 363561 155 1000
530178997 35944 136 302
530667311 109808 123 437
532646040 876341 238 830
533596717 377813 50 531
534851941 122677 200 984
538713124 2875013 126 875
538821502 102320 107 529
539865236 431684 104 819
542738895 2030596 185 922
545014258 2010088 3 357
546307465 1186634 248 545
548108065 551976 100 909
548588102 112114 299 889
550653629 1363807 75 511
551704485 1007980 127 485
552526816 485397 164 822
556298636 3315737 89 960
556947014 550923 62 235
557776300 523024 416 969
559805452 1257068 267 669
560555210 732757 155 733
561687890 1084684 13 732
562753231 953727 393 889
562851261 76755 333 893
564710896 1029628 194 418
565563342 395717 67 471
567336109 1010487 229 979
568272661 674113 55 812
568712319 374038 419 877
569049954 253153 63 145
569592437 456214 34 958
569934882 11032 101 922
571799366 1215716 267 985
572197334 327078 239 751
573807758 1350399 143 949
576099935 2032462 173 934
577141109 124197 126 603
580820375 854598 210 482
584959615 495367 298 930
587091018 1440981 34 264
588699675 103375 93 600
589773661 631479 39 119
590261476 261447 73 435
591232240 601078 103 993
591794035 245567 31 273
592067510 176704 42 771
595745052 2380875 125 759
596461914 413590 316 936
597035563 113384 76 393
597285189 9614 18 974
598970806 203698 19 511
599981862 221556 37 635
600435261 338808 74 841
600996174 205391 195 618
601827978 788970 32 963
603662003 617620 179 988
604035861 13775 56 631
605059331 939793 16 516
605418962 292675 26 998
606448389 781572 153 336
607511849 781906 75 712
610245373 976667 219 884
610944574 539724 58 464
612184386 1144796 1 976
613797837 26516 31 527
615536585 1107433 14 81
619062013 323511 60 260
619971851 512431 71 373
620366002 247064 182 750
620997817 494903 250 634
621866003 164050 252 746
622272135 324307 326 944
624505281 163154 341 922
624753436 186239 322 820
626379543 777429 240 874
626891901 131292 85 928
628830558 1678980 69 318
629464193 480332 155 1000
629827476 336231 32 141
630195793 112661 228 595
632214124 1382091 39 119
633941007 910667 48 486
635684744 716690 220 657
636635873 407861 155 406
637730182 714671 202 796
640088602 142127 15 605
641041563 349641 142 699
641896311 803774 205 658
642577640 653080 406 870
642890255 145329 172 820
643636578 195678 57 301
644106735 458673 86 225
645790700 865782 404 929
647003865 888370 36 398
647887832 581647 110 712
652429215 1030758 379 822
652776574 312597 15 723
654165488 1059209 340 714
655161476 383090 127 608
655718121 324764 25 71
656388894 280883 119 512
657106955 700161 331 990
657981359 562271 24 555
659016575 288078 304 825
659262836 233443 137 715
660748276 523211 129 841
660804766 11934 146 959
662363462 871653 84 846
662732597 292418 24 419
662841857 76141 59 339
663139358 59694 180 871
663642963 433434 263 796
664590010 252432 13 603
666673939 1854757 33 739
668153335 592863 58 990
668688275 141779 63 532
669758619 834065 266 663
670818095 862076 411 950
672784224 222533 435 973
673078870 58320 112 369
675752565 1088760 258 936
676104287 333844 353 767
677087294 218396 2 261
677624946 407613 141 476
678546938 733025 89 516
682602566 3064179 204 521
683473723 577072 78 737
684952087 1311792 225 782
686296383 1022058 254 997
688321304 776398 89 367
689164821 478703 163 430
690797483 658452 113 655
692147319 76878 175 444
693473789 554413 119 354
695045211 251491 340 898
696031348 822866 234 872
698847113 1558674 216 762
699144872 14174 25 582
700418429 410453 55 546
701189816 415349 109 701
702232836 104247 347 898
702936101 355936 124 500
704439965 944531 18 439
705260236 307394 137 418
705634597 133767 380 815
707834816 2125993 353 987
708442990 570878 76 354
709450420 156100 156 338
709841124 27757 59 768
710545115 66575 159 572
711757525 850744 247 745
712414504 377285 147 370
713152985 452001 70 228
713731147 63666 115 404
714588923 553479 401 958
715070385 448828 201 656
716626513 1469713 68 593
717343766 710733 207 542
717905749 6550 7 984
718416493 248611 23 392
719104919 246036 169 579
719326548 181576 100 882
720222637 677335 341 905
720683514 382347 385 905
721419441 348292 143 661
722980462 1216656 169 474
724289316 362085 140 973
725177683 217643 59 926
726874735 713550 202 826
727868254 648662 51 635
728821471 290767 110 417
729172706 316960 86 520
731033847 1562594 210 941
732471383 736984 379 926
735036035 2060294 58 525
735460639 111371 261 634
735834595 115300 186 508
736848945 566782 16 888
737728891 365942 171 978
740274768 1942186 103 413
741118547 366539 234 938
743943471 1539081 276 790
744521585 531980 22 491
746989073 2308183 440 965
747477478 29369 158 964
747834418 244659 34 958
748021528 58729 236 533
748545835 185725 165 715
750598533 132767 198 802
751120729 97504 245 577
752618796 1077647 214 472
753619965 880046 122 521
754491164 205129 169 464
754971796 221888 290 709
755537838 184142 64 528
756559799 259301 47 673
756737025 172949 460 981
757101658 363119 23 858
758770651 673507 114 496
760781782 1594662 112 726
761701736 125624 128 371
765585667 2747297 218 747
766573086 889108 459 970
768469384 1886659 147 358
768829291 359249 168 691
769423181 48714 28 586
769709989 106758 3 839
770202912 422055 196 792
770857202 72701 198 892
771126621 194230 76 238
772019292 4998 6 292
773207213 211190 181 390
773272148 13157 79 764
774157391 166968 399 991
774354028 77195 165 643
776606932 1027061 188 901
777510418 6807 112 726
778879446 724721 160 985
779776215 445313 88 259
782822108 2514642 117 526
783279998 108452 13 592
783788682 37010 2 627
784770541 463932 268 561
785815258 443202 31 260
786529334 527373 162 846
787227141 460074 337 875
787519943 48077 279 624
787819712 126383 63 897
788373138 504143 90 869
789488164 328158 231 989
791791110 1811903 219 619
792999962 637929 68 413
793618813 431559 219 673
795713093 209790 292 738
796703071 585211 12 280
796948041 180050 15 314
797340206 380244 259 804
798931163 1525936 226 803
799419616 352106 278 910
799894394 213384 442 958
800335062 289318 327 987
801424533 4269 121 912
803149649 768741 175 420
804061386 44878 109 740
804673785 419733 124 571
806998812 202764 44 548
807913218 688330 306 691
808555646 219093 59 659
808916634 184700 1 337
809233041 187887 91 287
810526326 790091 155 559
811437876 639575 296 969
811594741 58600 165 916
813457983 826819 78 839
814420450 640008 5 113
815128789 676721 273 933
816212736 291958 137 594
817233529 528862 154 694
817392515 45677 32 402
817501678 105334 235 945
818415014 508642 71 653
821197139 2682461 154 906
823126886 206579 76 750
823337737 180343 220 888
825075524 181062 198 892
826916023 172567 144 399
827683771 629164 9 470
828851422 648821 185 819
830376737 330416 236 697
830615383 37670 229 542
833159492 343875 358 812
833852300 519926 64 864
834140507 165095 315 668
835060062 804782 35 982
835860030 768914 163 583
837125089 316483 47 699
838244803 1022983 92 577
838727925 34921 135 826
839600097 68140 71 762
840998413 1008414 197 726
841594055 426661 262 917
842192468 248600 193 615
844441036 417781 10 258
844925335 293012 84 517
845738060 722760 196 457
845896647 137889 174 484
847536532 799255 262 919
851304934 78204 207 960
851958050 56586 153 335
853799894 768791 65 906
854207564 104438 52 818
854359557 117748 330 904
854648935 54535 85 803
855562213 515483 232 970
857374559 230656 101 224
858398691 636644 239 753
858812374 7025 107 526
860140768 552370 89 580
861655109 1205430 278 938
863089268 1370335 172 552
863482850 111897 198 897
863847639 313411 33 134
864601043 67795 91 962
865437880 312394 439 968
866966169 1338326 196 461
869617231 1744381 186 439
872666413 2458980 43 691
874487098 1280854 222 834
876246224 1475623 43 815
877870202 858924 269 571
879066158 219306 295 950
879576273 395208 137 632
880192990 33637 101 686
881034380 540264 383 842
881091471 2005 119 787
881823349 639268 74 841
883163131 1015874 5 179
884344204 163355 42 602
885590343 186413 299 942
888946894 1365597 161 396
889541264 331122 416 932
890060750 496086 87 229
890698627 579365 24 104
891193617 343305 271 661
891585719 64373 32 197
893674626 1952163 41 194
896940731 2576450 6 258
897140438 12581 156 718
897771152 517328 20 500
898772061 55177 190 442
900381755 1154377 12 280
900766398 198234 59 712
903149996 834596 317 894
904719771 1183915 218 469
905294071 399549 9 470
906780931 935922 231 581
908703126 1556313 124 726
908769583 53649 61 933
909539830 279267 23 779
913964823 3379086 303 861
915925754 1538633 55 190
916561492 78226 56 810
916763655 195359 32 967
918017579 653423 121 542
918357151 264640 224 542
919403806 665912 229 866
920094198 15417 41 194
920389265 252950 135 531
921967981 1099667 194 956
925295522 2014509 6 117
925892146 179671 201 731
927842759 452963 397 880
929148120 1300968 282 814
929535320 64942 147 655
929733939 151689 132 909
931011532 1010598 32 73
931737713 638233 353 946
934963268 2455586 235 834
935903008 158408 117 608
936201369 128768 106 714
937285671 323823 9 558
938180703 856035 97 693
940296924 874159 104 614
941489829 105238 15 723
942008587 117359 154 364
943834984 659629 92 996
945150094 1106002 129 829
946509387 640174 303 638
947060886 190654 243 880
947461083 181186 393 913
948171748 207342 145 513
950557008 2367096 379 803
951484792 721764 81 733
952266442 472174 320 755
954545979 1493352 190 742
956010734 978721 263 843
957816160 392686 249 523
959716084 776666 66 455
960964338 114531 92 996
961643368 262505 46 491
963081377 124163 314 808
965578647 196936 275 681
967045738 1435287 66 506
967772787 308697 207 593
968252047 76336 167 448
970625893 41604 52 971
970916482 262179 16 910
971564025 357271 88 749
972432326 214282 351 759
973117467 587562 161 838
974579400 1394467 328 910
976190181 1484650 196 434
976633075 298767 10 457
977830113 1196348 226 702
979239803 886717 222 817
979700975 354010 71 284
980277860 195186 337 975
981548728 832252 47 115
982912657 593278 86 413
984881567 1419235 41 880
986159375 645148 144 888
987497051 1022955 313 713
987837439 148074 219 673
988354481 325468 356 836
989376903 107011 69 846
989587289 203635 196 839
990590556 787827 193 559
990805666 130581 320 767
991420376 373835 284 937
991873410 88772 31 663
992799335 70460 34 737
993422999 204801 83 769
993893060 112346 24 976
995480056 548607 12 523
996251168 429638 28 751
997577440 491795 252 746
998491139 325592 57 883
999233141 412564 275 866
999507179 160420 48 761
999706630 196159 61 910
