88 7149 171 941
8392237 716277 23 203
19602318 10741486 22 361
24187636 3510076 7 821
29432772 373607 12 967
41357195 2442650 151 919
43681351 1421725 144 864
45831381 989708 70 945
51837457 3557070 40 547
53401426 646879 41 697
56208460 372428 56 895
62733722 2366073 24 613
66689271 2941078 106 806
72029575 2574101 100 562
106492026 3722687 82 513
117531613 9488349 64 356
124376060 5623229 33 266
133703471 2562343 102 796
144330796 10365452 44 650
159360299 3691553 77 895
173918056 1559565 33 905
176783444 235118 2 519
190005192 674267 41 702
215133460 8199252 5 328
249759884 34341306 42 450
277239119 14712064 52 543
283197375 4136441 30 988
288527406 3147584 17 326
299003701 8094509 89 885
309373209 7299203 32 681
314352987 1824934 69 605
327284855 6325500 59 757
335082777 3752537 39 487
345710288 5865248 27 319
351073788 3472825 37 474
357171154 2885551 71 562
365968039 6363348 20 943
371120886 1318181 102 949
376774801 2584500 92 836
384624757 6988524 91 775
395793508 10320467 9 459
403070687 1582645 128 798
418064339 1020997 24 139
423416379 1256539 89 746
432449361 3943376 117 724
439652693 4219119 6 191
463542675 2885214 5 59
473228841 9013083 94 753
473918319 208461 58 850
477756543 1449103 6 64
488299797 897214 6 392
509979326 426201 12 85
524496767 5068748 93 863
529204955 533156 68 712
534297721 1785740 132 834
557483019 19726382 106 826
590834938 28435048 15 374
603012744 4984203 25 179
606642616 3619506 107 736
613505927 5879172 12 616
618771426 3427989 34 333
629389917 2892351 138 961
641499813 8833740 40 897
646226111 1477635 150 872
658128879 4470129 87 766
676862835 15996970 113 913
678679497 1623998 96 971
693483309 8980511 72 470
711311459 7183729 11 61
725546803 8529641 88 511
743998094 14099340 10 837
771667816 25836661 47 722
778775788 5431482 23 527
794564785 3062932 168 936
822872368 539837 67 679
834330207 648669 1 80
857707818 20477638 87 763
879012751 6543803 19 855
888536106 499776 117 724
896314399 4267150 122 899
910443759 11403874 9 72
929096249 14291021 16 609
940324331 6229722 69 938
947379726 5551560 28 157
953207236 2251614 67 860
970962456 10323548 32 878
976413107 3939341 61 923
990331683 5542142 29 970
996119378 2113059 49 792
