660 8161 355 914
1067214 233395 263 931
3513109 1596058 118 514
4533962 34408 18 190
5714031 947252 79 898
6337531 247024 175 576
6859950 377387 105 289
8831019 1419807 187 834
9185658 46174 178 524
10612506 1155043 164 482
11586356 494826 270 932
12398494 362736 229 610
13312749 441975 19 66
16413840 1261951 88 371
17340087 25610 10 619
17570469 13341 11 136
18283758 55769 332 894
19830566 1350102 321 968
20523867 13442 164 984
21747875 400589 100 446
23496562 1503447 28 443
23827724 207534 182 735
23987232 80627 77 960
26893976 2396327 237 736
27042041 143026 109 899
27701722 607966 357 929
28529963 67396 251 723
31388990 1838308 154 508
32149308 377764 23 436
32663846 303362 236 769
33509311 839491 127 693
34269940 753971 172 796
34367027 42177 25 962
35690613 664983 63 848
37227431 1250711 207 857
37744257 248999 75 294
38203273 58262 359 946
38655757 338331 124 600
38957251 56332 255 713
41248601 993158 102 991
41519504 8179 168 886
42748369 197437 204 947
44795068 1006065 28 443
46227965 1397870 64 870
47342282 523182 14 195
49849358 1284314 43 786
52256764 1142452 11 191
53128105 701053 156 492
53830199 637225 265 892
56516605 1505248 125 353
56695597 79395 204 947
57787208 290263 60 756
58098716 157713 160 486
60483584 2146858 157 471
62599101 7286 218 797
64001503 1005424 58 963
64115187 99279 146 983
65884824 850168 157 501
66878847 387815 228 711
67215240 130041 103 960
68070817 66908 36 913
69160166 753377 130 357
69776487 9280 129 819
70351225 121175 249 797
70783644 327546 240 937
72235814 170999 27 625
73383207 267754 50 163
75047837 766902 153 727
75229333 158321 89 777
75895819 429354 179 895
76514761 209508 30 253
77067112 199591 60 274
77564952 78130 307 808
78066503 12004 23 508
78203075 58680 3 794
79442454 635528 13 865
80910203 853665 78 646
81445402 528741 113 492
81530627 26752 7 899
83347701 1662620 59 363
83718105 97529 23 145
83913942 175778 64 265
84173852 53315 2 185
85358611 30132 119 877
86237335 160782 44 216
87852377 23996 263 743
88582766 38549 41 843
89847470 1148207 152 792
90677428 720868 254 862
91339751 292751 34 713
91618595 148861 182 888
92416537 728104 178 757
94115999 1311262 224 591
94761392 20130 11 661
95749682 843232 72 469
97457197 487827 160 658
99157390 956842 240 861
99209050 30906 129 337
100083678 313990 50 234
100639753 357865 180 950
101456368 303795 57 401
104166021 183123 236 786
106213745 1858913 61 831
108450461 672545 325 857
109229595 651064 100 974
110739969 1471138 47 803
112003874 781590 195 637
112805223 472980 58 612
113827686 200257 136 613
114670452 784704 65 230
116559389 835838 19 160
116784391 148120 119 813
117293088 228609 175 964
118060488 121463 114 412
119318611 899498 152 944
119945651 420889 147 501
122097736 1852419 18 915
122243543 50259 382 992
124038828 1218044 147 705
124714008 7547 49 668
124997066 196545 73 817
126294154 630003 198 992
126310532 5247 129 766
127208675 659400 114 883
129170096 1711179 30 168
129995842 553851 180 581
130547499 161751 47 257
131046535 403929 23 145
131912737 762723 73 817
132906764 84499 143 433
133139762 194473 32 111
135243644 1678169 72 383
136774936 743498 37 882
137141645 131177 347 982
139285521 1197266 152 840
140182699 414425 239 742
140379266 46805 249 690
143978204 95384 79 445
144461129 279121 59 240
146515598 349635 157 695
148628117 474677 29 151
149325338 397601 293 989
150479219 1094065 37 244
151006806 371896 282 803
152256663 284761 192 849
154338821 174704 5 637
155536680 614061 110 538
157858398 90874 93 372
158226468 265084 318 981
159319002 672237 101 763
161634093 2234039 269 897
162401564 531420 158 572
162938833 278029 139 605
164155258 1122245 28 724
166540824 608538 208 810
169083655 2306729 136 625
172794063 1097125 204 663
174784100 240350 302 890
176833641 1951748 245 901
178184924 837552 279 806
179329887 588595 73 990
181770569 1505372 115 644
182591643 401115 57 735
185531328 255896 19 738
189281815 178858 81 696
192630423 1064688 48 208
193586047 579112 64 442
195200422 1143747 93 372
196573480 1233296 145 618
199542162 1774319 112 357
202806457 960348 96 886
203942137 46516 318 972
205264533 196172 212 725
208534739 327489 164 736
209157515 427856 71 592
209723439 282348 95 897
210186578 103762 127 576
211164938 97212 221 576
212528609 319769 267 996
214642399 1333192 237 864
215567175 323416 30 829
216960562 1352381 312 923
220236602 579171 212 632
221293168 751373 138 663
222062497 460491 22 869
222864313 800389 12 732
224419116 1082409 163 511
227221619 2049252 157 827
228882500 895508 44 286
229119984 21087 201 763
230515423 1017465 249 978
233177792 765750 118 383
236483799 585208 253 858
241316022 1830651 206 832
244462185 3107797 313 972
245603110 15918 142 965
246355378 269662 324 863
249638890 3020400 327 959
250146762 432602 92 543
251921782 1688422 158 906
253988162 590218 301 818
254705535 426329 47 799
256011435 1163851 171 713
257476648 167643 189 496
257936689 96167 78 918
258587879 572917 167 734
260270643 362523 67 341
260780197 37791 50 815
264858488 1142058 273 756
269509498 273807 222 608
270531627 233452 110 631
270701142 3473 180 591
272631725 1114131 217 867
274170966 749245 73 592
274492511 3266 192 511
276264849 92018 262 697
279935806 364554 132 873
280589275 146960 204 914
281381534 628160 237 736
283084134 1443040 90 810
287440749 1215126 28 248
289240972 1304413 82 930
290907798 394106 267 996
291140241 209050 218 736
293358618 518898 70 373
293981581 206369 33 104
295030147 16444 87 499
298301681 1770613 50 181
298726169 225499 204 799
300508052 567813 100 640
303516062 1475088 30 904
305355665 1189068 34 661
307711928 750401 114 824
308605611 793167 4 652
309123533 224990 34 220
309900087 553691 79 742
313450588 124568 140 925
313669226 65191 75 893
315823386 451150 58 799
317249762 611481 155 550
318784862 272868 192 750
319891242 709789 331 966
321162434 753963 111 481
321637420 405429 135 398
324234476 603637 67 204
325049546 467102 264 817
326922224 1194257 327 894
327947168 850382 198 592
330342542 2073080 262 866
332702857 2086654 5 324
333657706 273762 116 537
336234633 860185 5 324
336463150 54591 159 810
337920431 464136 193 807
339327508 75259 42 984
340710639 582359 181 547
341330341 121547 21 852
343165103 933365 233 966
343931319 112615 302 890
345292836 1184801 285 859
346164242 141574 253 752
346347121 44862 218 925
348832950 943194 6 121
353747291 701483 217 756
356760711 479644 1 486
359670532 96905 88 864
359841823 102626 10 734
361232956 210303 67 586
362343682 1103755 25 551
364184295 1385440 306 861
365918281 820166 134 808
367529635 1574006 81 400
369905346 1133996 56 935
375755281 543882 109 743
380233172 2360228 109 459
382544404 2155526 162 837
383090499 347479 307 966
383804674 413881 107 651
385254682 586560 151 781
386184409 22436 5 415
387831826 24666 136 768
389304352 691096 182 515
390608362 82715 112 652
391534536 485833 52 424
393839993 399493 91 685
394398277 161653 63 620
395112144 253549 187 507
396095508 299283 73 761
397707288 589184 91 494
400565766 2179025 65 843
401716841 945402 157 977
402921017 629 17 149
407867991 1337239 183 719
408984271 320165 119 960
409828844 278724 86 745
411484950 1455033 28 927
413994305 865497 194 840
415267926 696813 137 370
417898495 1316479 199 555
418732261 335732 228 956
419679371 944164 93 587
421625148 1702382 224 702
422072425 265613 76 517
422990334 585842 57 847
424167973 778330 197 900
425182335 446642 115 564
426285788 1068112 35 810
429025950 2325318 144 967
431315187 574223 10 159
432656242 175332 67 891
433854193 653898 100 927
434821474 325314 98 815
435133484 305861 14 564
437700028 1022896 337 996
439910440 876448 315 815
441949480 1430819 66 450
443845357 27160 199 860
444954268 82797 79 904
445909721 346801 14 629
446092408 12371 178 862
447136323 991371 100 993
447591070 178468 245 897
452015965 2488570 310 940
452702100 163866 22 75
455255336 573846 183 628
455560615 132553 334 920
457676110 719142 191 531
460369694 2054619 21 135
462811602 1382082 226 981
465228308 500311 151 781
466712880 1336153 236 829
472214107 1110545 239 922
472638388 327302 25 235
476740893 2224205 234 638
477157747 386207 63 894
479214849 1584129 15 824
479636674 219830 68 651
480700200 56045 150 643
482238711 1397960 187 813
483392974 209109 246 764
485097458 233309 224 841
488201452 1186478 182 958
489113733 309907 332 942
492014825 1143441 5 557
495456381 435918 8 907
497735293 1638031 112 447
500154279 368546 117 979
500730977 516181 20 900
501721468 427286 327 959
504237798 596730 35 300
508800766 4390456 227 935
510092624 1131233 198 969
513460362 1222016 8 295
515231039 501087 115 589
515653044 122434 43 954
516399469 171792 318 901
517469126 513724 116 330
518534897 739035 119 619
520516920 782596 226 702
520712292 3654 249 746
520991082 111444 6 700
521264175 9937 152 944
522874223 257916 25 110
526238663 991538 2 753
526671974 279750 22 81
528828062 1307619 79 516
530522427 735859 371 965
530884448 296112 126 739
531730667 229185 234 717
531816720 16829 189 959
533445268 143377 132 861
534980318 758012 18 193
537502678 223513 180 937
538164655 263279 39 950
539052881 883684 154 599
540821428 966975 207 857
541394231 528683 236 630
541780184 97025 121 667
545444046 661732 204 621
546612884 940325 71 788
547838386 917343 42 984
551290252 933301 3 570
552215377 722527 367 994
555656908 1825599 7 487
555876726 58553 199 899
558393456 108551 20 934
560191341 1688363 12 37
560816102 502666 219 725
564173617 1607550 118 648
565383653 125959 81 919
568303475 2406762 168 535
569151595 620466 279 807
570594474 1171077 22 527
571629852 546316 250 869
572817436 892469 212 593
575855943 1902824 66 949
576345699 180071 188 522
577141611 730846 262 784
577475645 139378 39 928
577778040 264287 43 300
578623106 557965 68 405
579598238 16043 80 825
580516007 196442 89 678
581095420 522731 13 463
581723101 82089 37 816
583848121 1551757 76 334
585004256 388184 166 656
587454627 929904 64 564
588798426 1249322 59 340
591385077 660063 152 690
592792127 627299 298 947
593390453 388609 101 771
594876787 1471378 247 826
596877682 759069 157 718
602903863 3045926 261 980
605466846 361457 174 857
606876471 759854 4 764
607772381 525861 326 974
608796198 679658 55 721
610150993 447739 154 466
611706357 344346 211 902
613497114 824792 28 966
615103275 903682 206 759
616763035 215470 5 152
618298092 581653 154 487
619204418 116816 127 973
622399979 1790710 175 627
623361086 825312 5 977
624187265 796630 194 559
625340779 817155 126 672
626750623 1180640 274 961
628252624 1260724 65 194
631283658 913393 226 929
632561553 857550 218 941
633470165 203785 19 382
633792777 53842 91 617
635195331 841976 195 630
635965956 334825 11 496
637945449 1464817 41 952
639986150 1291892 257 708
640588799 512479 23 436
641001685 393112 263 756
642834426 540051 155 922
644500733 763234 161 523
647665824 2045561 35 276
648000162 22992 29 979
648797791 230464 173 876
650321036 1451836 27 770
651438388 547704 180 898
653497872 1187859 164 560
656594043 2884978 120 392
656980494 252598 50 659
657341805 170923 3 161
660071041 248010 109 575
661117871 622288 161 594
664020844 1825283 159 700
664097319 27221 192 650
665568652 1325784 91 974
665624419 11992 289 974
666419726 510288 277 794
670987072 476272 184 729
672541877 652189 110 836
675593927 463480 172 468
676873442 64516 88 992
683394039 4168683 138 423
684169228 204999 90 858
684358244 90959 50 222
687623693 143514 105 921
689223872 83456 255 951
689628599 1905 283 939
694299091 4402703 112 658
695161414 412382 149 565
697905891 1612620 15 900
698666477 428952 155 719
701676557 2105764 1 306
704264569 870513 292 837
704708302 231695 126 604
707169857 1013904 135 581
709989522 2319654 48 622
711442677 1021916 54 210
712745624 408004 175 609
714233856 752808 69 817
715282863 964550 182 958
716494439 380432 46 170
718145762 938008 310 884
719067102 770477 158 623
720957331 1394863 236 839
721718477 341780 26 781
721868757 93548 167 946
724492415 1297054 222 780
725248402 184380 203 553
726466202 258070 63 240
728107035 1310713 70 471
729645982 1276903 171 620
730288188 276760 4 996
731839110 1055205 208 906
733159851 704587 157 546
733633490 40244 104 281
734255651 452636 116 832
735570286 613729 6 881
738519180 186005 13 865
739425721 712688 141 456
741681537 1095347 55 740
742013951 18672 191 786
744329477 1356625 13 518
744463257 114290 22 75
745919071 1198256 78 680
746494201 438727 120 486
748221996 831593 52 954
751097603 544594 232 741
751591429 380822 244 840
753898613 631690 45 349
754881582 380886 96 272
755340997 219243 145 643
756678493 312067 178 542
765489116 1428771 129 394
769592339 895195 50 618
770143339 333642 4 292
770953846 458832 62 216
777005390 1437303 129 766
778224463 153549 63 668
779157255 148156 3 973
780411075 1123012 114 508
784128176 582596 5 289
786135484 945071 60 701
787719554 1497612 278 882
788105414 257310 300 934
790032421 102525 96 696
791128986 115816 58 567
792136132 73893 181 842
801001900 3693811 182 854
804666306 1117659 111 744
807471778 1097595 258 825
808620844 42598 91 708
811090701 2301640 150 500
814590761 1733410 35 282
816784525 641143 79 997
817579031 674792 71 985
819802997 770792 8 449
820521975 130095 296 919
821991220 1407678 113 960
823803089 245635 92 279
824079636 47562 154 466
825792180 1294798 163 886
827579195 809260 360 983
829284957 304234 268 947
829684172 125262 315 951
830948789 1064901 199 721
835456076 358289 49 446
836535119 758974 148 968
837635852 347464 79 742
839636882 1250317 126 676
842234228 333253 255 713
843295524 382061 218 660
844460522 401147 45 711
846966761 1197349 161 609
847802100 677171 68 877
849353674 503314 352 954
850323857 338237 93 385
855761666 4742192 182 854
859648472 2354926 285 780
862897158 2034727 20 232
863431671 415123 316 871
868004376 2847931 29 719
870283500 941040 215 769
872284356 233892 43 188
873393923 739260 224 931
875473076 654762 184 493
876203196 481750 66 632
876544952 167866 68 873
878475587 1264483 57 975
878539538 53298 108 932
879733926 855695 205 852
882188756 133833 118 380
882529815 51529 155 901
883418101 321127 227 964
883922585 416774 157 665
884222254 47913 188 522
884782320 487051 248 683
885417590 341289 196 644
886731481 980941 115 664
888241435 1396114 42 739
889214184 902797 266 998
889756960 286046 182 690
890434651 435811 5 598
893106120 454899 319 838
894427031 884853 40 482
894767126 269016 283 811
898372017 1591000 124 607
900378557 1357415 90 732
900567124 176460 77 628
901685381 956407 76 511
903040705 388657 145 643
904068535 725131 21 522
907374136 1982268 71 885
909238482 1586825 111 891
910230190 55390 91 345
911162837 676279 160 461
913159432 666096 169 593
914780599 1357110 168 494
914955804 160290 250 751
918150505 2161959 121 924
919214809 875679 115 768
920777933 677445 40 894
926243518 3258348 304 993
927201153 49146 40 727
932146385 2904248 59 699
933699840 1511771 95 906
934751270 930409 27 230
936307017 1416775 63 240
938862517 1458685 19 844
939399641 398047 7 899
940334136 920432 11 191
941015333 573218 136 972
941698290 224552 82 996
943352360 269243 179 970
944300116 138702 86 844
945169878 61229 103 758
947688811 894625 100 974
949611799 1548542 194 925
950849881 824535 55 419
951484998 412301 74 670
951718113 14911 150 762
952876445 921914 69 817
953258847 287600 110 631
954870476 221064 42 194
955808459 269895 132 904
956314407 162738 184 953
956819431 247440 162 797
958090237 1267084 339 982
960593071 1956892 42 210
962431346 1667015 247 811
962845248 324442 43 300
963263883 322690 5 41
964692277 640478 17 181
965509635 267192 86 535
966378355 830352 95 906
968426941 487012 332 863
969469254 926960 27 316
970128139 418344 2 355
970384115 31229 149 708
970877546 396101 72 469
972025886 427125 95 665
972845067 728311 134 574
973022816 33627 65 857
974073347 526551 56 749
975749906 61017 48 387
976732437 576890 12 334
977409017 179924 106 764
978559489 155901 253 686
981337876 770117 18 199
983190644 1244382 90 679
985991952 1381891 272 835
987502613 1457309 27 343
990118330 365012 63 668
991643173 496500 18 891
992762450 1062851 63 668
993478546 233906 58 546
994737780 338787 80 727
996780093 9397 192 511
999775804 1943923 118 926
