578 2249 930 380
2243786 1461894 848 456
4806923 287157 610 640
7860755 2982653 621 781
8161281 119665 135 958
8541833 35156 671 651
9086735 448046 503 923
11238334 1501048 493 603
11932522 576003 800 347
13258804 1008848 300 707
14215151 627916 540 522
15765384 1081075 339 474
16753399 210913 558 936
18645946 1813812 413 622
19892851 1163337 732 906
20407265 224041 91 801
20519478 89289 811 881
20861319 321548 321 939
22007498 118082 185 276
22876673 67977 76 728
24610210 1578707 134 498
25763783 80894 333 535
26713884 669038 33 505
27712996 601669 252 534
27830376 31786 798 668
28672321 562661 8 131
29299354 576638 63 969
30274010 972969 751 626
30643411 285979 26 946
31618205 821240 774 830
33718450 698512 534 520
36528348 885733 160 675
37778380 78091 842 652
39037800 1070842 492 376
41416528 1671872 484 890
43398166 1932140 924 661
44226952 384436 296 406
45177776 287794 724 450
45808428 547545 802 973
46663742 584959 284 978
47542838 465358 748 341
48666408 174523 723 872
50897686 812194 994 946
53095847 834819 612 354
54805704 1277664 621 933
55846218 530370 941 632
56745369 640182 137 787
57326391 445416 110 214
58623938 327006 925 860
61214542 31000 109 529
62634761 904108 508 892
62870115 40528 63 980
64233872 639195 95 495
65193921 708813 530 826
67838417 59670 347 270
69781180 817341 579 931
70109352 53406 980 765
70763472 151573 81 215
71315274 310157 544 832
72684166 997315 128 174
73302530 77413 200 540
73658536 116373 460 283
73957462 104971 451 619
75560417 825039 443 752
76539614 783030 610 684
77037156 137976 447 695
77519878 110059 517 966
78499358 960101 277 488
80305648 1328976 609 281
80490655 93678 555 893
80735471 207489 150 286
81452389 623338 916 818
81738116 182599 600 742
84863576 2112362 955 990
86378464 427215 402 527
86669195 260812 613 568
88322891 1077106 412 410
89491116 602967 271 518
90859611 44405 460 736
92705321 1072970 553 806
93786867 366085 37 811
95682974 1336778 450 430
96368787 131650 49 634
97999664 365696 466 971
98915663 218500 69 371
99729820 757086 965 561
100850281 897861 629 403
102704353 977192 935 386
105052368 331800 30 111
105961355 721184 798 721
106224716 118592 612 390
107084917 763111 684 673
108347795 540592 588 474
110816193 2039545 260 555
111358469 205851 272 507
111665980 126428 351 769
112035934 13288 199 760
112905566 243839 430 348
113045529 99878 658 745
116415382 2139066 216 654
117129471 397412 408 781
119715162 1781332 175 447
120584813 335802 150 192
120900714 51993 122 152
122332787 768530 258 182
123276273 376996 302 353
124943830 486926 113 355
126391388 284925 594 866
128164013 1071549 369 436
128836803 590085 515 270
129575513 190492 925 533
130328081 126397 287 296
131251184 781539 307 394
131568876 10368 271 605
133719013 2146608 715 295
135517507 595628 278 773
137663983 1994939 666 385
138380740 78311 697 358
139801962 103135 570 538
140978124 306281 730 965
141774718 173502 883 814
142696428 172158 100 627
144337102 1149636 213 463
146177657 1102645 884 668
148153495 301087 5 465
148700724 25866 508 908
150705980 1534416 656 579
152176213 913141 561 741
153106195 496329 584 634
154817650 184872 217 801
156664124 1480461 450 430
161379218 3414251 424 879
162072202 250116 391 358
163723046 678125 649 729
166585258 2214110 480 909
168587261 120423 430 784
169147928 514503 284 221
170976813 1364031 142 365
171922388 529209 900 643
175227906 2326687 927 504
177564634 1256596 884 675
180251843 2490983 229 205
182364135 234056 102 475
184892867 1115562 505 916
186389636 1137410 659 662
189022927 2232927 821 467
190812917 442526 565 286
191504297 160780 665 902
192102289 322974 513 547
194853999 1370754 317 932
198454856 152691 169 852
201019086 1892198 715 343
204918667 1149433 880 986
206126132 1158260 115 848
208314523 1406124 817 730
210088960 1074237 171 331
211632782 1286739 323 419
213285213 260830 11 209
215992822 1337346 608 743
217015043 926850 318 981
218282733 563608 8 902
221992656 598595 172 332
224099842 1894470 735 902
227369387 490768 956 816
230718978 672851 44 545
232414032 687319 974 545
234510308 61979 961 868
235390875 766286 675 740
236300817 149424 295 209
239296169 1407591 800 640
243319459 111726 414 445
244626194 670143 787 984
248007804 529401 255 490
251350323 2212301 24 931
252904011 157874 510 893
254229627 129694 763 531
256407351 1039299 234 284
258573362 1732993 195 993
261581282 761806 98 116
268770999 7185470 8 208
269658384 166730 441 850
272361733 1391214 1 39
277629816 737008 53 528
278204317 482135 39 687
280201128 276028 264 846
281106016 345413 886 688
281829612 104431 72 600
284142322 1212791 530 826
284953923 107369 824 497
286684441 522549 113 297
288809754 365840 211 894
289388410 405963 226 564
291844171 869722 157 634
292676338 746063 741 844
294228558 411059 719 551
294758513 418853 407 427
295552752 102674 734 495
304890293 921649 880 798
306925057 479494 156 193
308549414 825568 191 248
311056245 1287281 394 661
312069037 813213 829 455
317514081 2278273 663 625
319842508 1910799 277 223
322912406 2935431 986 526
325443426 35471 583 686
327848725 2075886 77 662
330919767 2326315 320 372
337356845 1048174 139 847
338400851 889349 691 754
343624706 4329125 948 890
345566457 1136717 22 628
346452886 652552 375 923
347840529 704603 710 419
348369305 91434 934 775
350618174 1142068 382 935
352719176 1970135 650 745
357966282 4683828 255 319
360541845 2248416 300 718
361731991 585116 745 415
364006409 593167 267 144
364445008 97515 646 512
364850186 129262 776 836
366239405 68525 198 323
367496194 346716 510 221
369611212 1675181 593 767
370379103 396437 672 418
371474506 1085771 181 793
372701702 343530 52 739
373426913 563338 109 536
374936725 1409544 519 873
377595776 618935 901 403
378651868 1004401 199 119
379650257 563770 263 869
383883910 183371 482 824
384829365 190871 506 697
387277592 1770624 546 451
389419221 343170 578 562
391948965 2052910 316 226
393512519 875297 216 303
395465347 344087 557 411
396670209 1197390 672 562
398736835 565225 899 712
400506890 1488175 843 516
402413236 1457221 264 941
405128833 2387620 314 938
405896208 166997 31 305
407446177 744359 334 555
408409585 69925 603 638
409074047 556650 116 198
410713967 1015848 660 605
411559877 35222 902 581
412080014 295769 965 639
413910346 1165939 368 977
416906754 1906326 235 659
418740181 416420 727 981
420109819 854979 254 759
420714039 211420 189 901
424188608 1689955 412 935
426629001 1169225 392 347
428128117 422097 311 378
431020598 698207 156 170
434182388 111013 939 729
437184201 850668 615 474
437592652 158754 579 706
439072811 1222095 887 893
440461786 1322353 586 892
443507217 331675 505 965
447890790 4073372 43 56
450105606 1212532 315 513
453092331 982904 180 973
454467210 1360246 130 513
454944748 57917 569 965
456434272 968876 917 503
456946792 431355 31 435
459616524 1839368 538 640
462253910 758263 993 956
464083795 340074 207 660
465051307 695311 623 828
467431653 2238183 224 386
468556003 216517 285 582
470578818 266036 156 142
472591984 243128 813 444
474279542 1276407 425 406
475604813 1292364 297 402
475968602 78895 98 867
478749892 517132 705 360
483202468 3628096 629 464
483782238 339567 215 647
486510590 1164056 678 594
487647585 325226 520 712
489689683 1516310 602 387
491505732 112764 129 552
493421156 1571212 679 638
496630924 2375766 255 673
503390656 5831591 453 212
506411595 1779949 198 119
506900498 424689 141 537
508006669 450229 705 995
508888461 388761 956 759
510084249 577838 509 222
511175207 47509 599 347
512121485 112696 268 345
513182855 470891 191 445
515813507 503858 568 583
518134400 2058702 60 262
519581152 81917 61 853
520589283 17974 658 723
524741081 2721609 84 957
525569646 722615 622 404
527532608 871865 515 453
528308425 442181 925 757
531288057 767936 412 987
532585475 1074918 293 178
534231831 1102455 641 333
534918826 376191 228 752
535564168 609705 457 291
537599197 791449 396 472
539573740 1884763 587 625
541264565 1105279 59 652
542450355 988266 240 186
543075111 109034 527 293
544461853 947591 460 985
544709022 184157 92 621
546284043 1362272 228 936
548509549 1368797 191 277
550369304 1755284 99 338
551194092 184363 429 381
552182352 517453 344 995
554382544 80374 564 894
556368696 1690066 433 999
558748211 1702129 347 620
559559248 507301 536 393
561819596 433604 882 646
562549399 2709 527 730
566847860 4165391 913 520
568414564 1000265 401 436
569304359 66293 271 304
570658362 1192286 624 548
570843427 148874 796 477
572499160 1321859 392 188
575856791 1656492 342 990
580814268 3876721 863 972
584289863 1906824 277 202
584549682 250598 163 724
585460289 482159 531 623
586108870 211670 649 572
588212969 46378 325 896
589060652 289153 184 884
589459092 220571 39 730
594092427 3353404 141 172
594830205 472673 756 342
596525480 1412368 801 436
596939237 339281 29 765
599055319 864447 207 668
605396403 3103655 48 401
608090987 1506454 112 473
609306052 890399 960 828
612141164 1069364 701 360
612495861 154390 301 253
613464672 553291 717 547
617238726 2054397 84 285
620711038 1167254 59 826
621511319 782551 560 441
622579780 768203 32 770
623681976 957931 975 870
624522006 584598 334 349
626238555 1191352 98 1000
630312816 127840 593 475
632133163 688264 572 1000
634307250 2144631 757 567
635867269 531231 363 784
637072515 1082120 344 935
642646277 4541487 534 703
646194606 2650859 464 892
647679113 313392 867 982
651034841 1856723 826 367
652490960 641835 568 416
653396501 684149 476 995
657597899 108621 198 817
659151672 462487 692 536
660404336 342185 216 571
661659942 336528 4 412
664440803 753435 579 968
664841049 282531 357 653
666345560 1416943 284 940
668352977 315787 77 891
669049245 331374 546 451
670694406 980960 532 243
672121301 1271826 543 340
672662758 103490 276 848
674215959 874950 180 702
674416879 82013 227 154
675478173 359104 89 162
676649791 885151 628 715
678564102 663097 577 784
680291866 1504330 457 413
681602140 737743 470 895
682135737 234264 188 106
683023844 178361 653 596
685070428 623198 679 489
687025938 1484844 191 702
688112960 328817 363 818
690151079 902236 693 861
690968731 249572 767 748
692206134 484319 339 510
693113221 58196 981 653
694612646 561882 47 179
695431369 269412 464 231
696517588 84232 816 591
698217289 1640736 398 319
699311362 918343 75 112
700321410 724447 314 525
702059862 1730361 900 470
703684571 902451 527 640
705678626 1871728 671 437
710024716 1664816 8 316
712328999 2113982 706 743
715257243 658046 201 336
715411808 24141 45 526
717744708 1431164 791 562
718893384 431705 451 822
720780473 1129544 112 254
726611824 3761477 326 481
727725955 337855 333 900
728778283 806766 413 834
729430693 395708 950 880
731319376 958994 72 342
733272276 364938 22 731
740672882 5029229 359 799
742579731 429076 743 698
745646268 1875466 23 674
745916432 216696 870 761
748386166 1211628 40 998
751422222 465739 956 844
758386954 412691 498 464
763270403 2762088 973 500
766970486 2809162 723 468
768871699 1813961 854 847
769409791 282126 360 211
771616750 1238265 525 557
776012864 4044283 184 548
778454603 1515188 173 76
779294641 657743 146 120
780108257 366517 217 559
783461826 2688354 646 386
785088491 1517838 926 655
785916408 794705 125 141
787209835 1243818 333 416
789166931 304643 389 388
790904473 640378 99 932
791202900 52517 446 400
792048989 669705 302 134
794490084 839533 116 323
795847720 369360 283 569
796878875 854909 45 458
797928943 54176 568 578
801720565 3736802 334 574
802545970 809516 977 965
804724152 1149043 134 537
806673578 1876659 702 870
809296111 488855 485 596
810339652 249811 211 626
812507034 877949 515 979
814212484 1426681 140 684
814805731 569717 637 525
818145261 489725 873 642
820490757 1425622 169 197
821310466 175765 803 418
823722126 1579675 204 843
824419763 420261 427 501
826236287 1782802 630 581
827250286 622216 613 444
828705250 1335126 67 191
832762271 702730 816 709
839125895 4684144 102 412
839891719 311803 687 754
841011100 182147 45 343
841627698 467077 91 779
842500056 316557 277 133
844311962 292180 138 396
846873154 2543294 795 360
848575293 668427 956 759
849372765 313232 858 654
849616882 167741 170 116
852619852 1773107 262 288
853129885 170048 484 890
856387592 1221001 62 134
856523474 124694 90 153
857715316 867767 247 800
858078308 142565 640 804
859255848 87112 236 327
860500940 1164444 855 505
862465119 1723577 390 222
862983028 71898 766 982
864114295 377769 698 651
864548996 429910 118 421
866029104 759928 59 599
868483053 1663744 932 764
870842778 2344320 541 969
873286708 667213 995 557
874259232 192082 202 500
876220572 624245 900 465
877911104 354325 25 847
880477213 2121293 307 521
882949912 860713 458 241
883840924 495897 369 224
884258887 366614 669 295
884531063 132963 776 751
885638447 753661 541 564
886833113 978582 569 539
887966677 582238 563 445
888751936 610418 861 458
893117620 1943295 696 492
894332953 605298 300 352
895881993 81438 990 663
896255211 172287 835 475
901565463 447374 788 964
905066012 2214759 353 417
907942435 1924476 504 275
908939541 157464 248 988
910894109 1708595 486 528
911574472 541828 615 793
912206094 291639 871 782
913968168 698573 122 598
915694155 1351167 473 535
915946508 123074 83 491
916181776 100928 362 484
920744792 1151816 492 916
922133251 1040685 311 150
922902784 517783 532 569
923446671 187351 441 458
924874509 735857 623 300
927899295 1089459 211 201
928317806 384651 955 808
929658603 738006 204 570
933706877 3651237 274 534
934194477 157756 325 544
936821192 2473424 523 995
937348943 280272 79 824
937669798 13634 73 909
941128794 883746 863 364
941623830 252224 125 224
944000695 1663244 129 444
946687171 1433280 252 478
948292148 1548271 532 787
948823964 1908 725 979
950225742 1275163 867 729
951109781 825601 567 470
951683221 9170 340 210
952826680 475485 951 816
955936876 2788908 599 527
957111383 372735 728 385
958015368 197533 937 446
958681592 583696 979 504
959057228 66587 472 943
960286076 1134301 983 530
961949019 1150901 308 205
962649642 661717 498 389
963819819 198879 158 680
964984725 287836 791 372
967783176 911986 92 863
969126491 747957 794 508
969578708 225388 181 94
970183797 124146 1000 436
971025274 167592 177 652
971401578 300693 429 569
974027733 426062 280 345
976549913 2021111 502 213
981649729 2968439 449 761
982873297 460752 13 86
983499983 495941 279 338
983930658 108328 482 561
987429735 3296435 397 391
989379884 1216780 758 658
992110503 1217536 129 478
994568428 654308 431 918
995901210 598065 366 568
999714566 3329621 653 909
