786 821 697 328
1061166 868532 33 526
1314417 164423 680 345
2720562 802555 690 557
4339178 1162919 889 743
4599485 8719 211 949
4685336 21676 60 909
5240964 410701 975 818
7178183 1557362 475 964
7501295 101092 417 779
7633787 66645 162 349
9689483 1307363 227 421
10770379 723105 82 425
12134049 935046 754 357
14696425 107147 151 106
15672563 156059 328 685
16265791 467306 537 451
17623846 187209 167 906
19400352 1327787 193 914
20074291 186529 758 750
20656587 445502 998 656
21246113 528387 756 425
22316744 478318 707 689
22729456 302224 268 459
23103816 97711 75 852
24954501 1450959 296 146
25737331 142965 199 352
26165937 105870 282 784
26354907 68277 148 837
27013127 52580 138 264
27512084 83410 513 916
28167581 267000 111 811
28511182 235183 274 448
29475032 290219 44 454
31435113 349607 268 560
32219032 187785 361 327
32356098 125995 837 617
33181230 350015 441 887
33720677 468539 169 212
34470049 248716 500 509
35969473 403522 748 948
36397842 139472 245 951
36732185 196507 512 769
37418449 407056 512 799
38653388 61164 114 782
39618668 491361 554 987
40408988 689315 531 996
40978099 262803 646 472
41491065 255945 372 595
42523755 683712 409 367
43329582 584854 593 877
43936672 385895 921 701
44727277 412156 39 162
45393303 337634 374 771
46904557 951599 514 760
47570376 431396 391 470
47755331 38873 696 899
48130876 143357 383 311
50175937 1859843 368 751
50681292 316587 878 539
51587209 780676 84 59
51960346 332075 610 710
52234859 183324 210 339
52354408 104488 332 646
53423092 227386 755 651
54028498 492372 674 601
54258680 90384 644 682
54601203 305358 495 870
55961354 943707 742 814
56817400 372749 730 812
57653469 31709 312 997
58621933 148833 165 991
59037186 52249 223 432
59320846 185371 368 707
59485637 133827 704 690
60292865 779116 107 866
60594400 249411 40 24
61016887 188961 207 881
61488882 179011 535 895
61975861 278519 826 726
62348957 113727 467 368
62987605 259054 617 728
63264350 85332 549 511
63631989 197183 271 265
64409042 19291 44 524
64769122 269062 103 96
66213296 607869 303 915
67332525 692769 192 813
67798665 231340 2 605
68137865 162197 143 588
69857112 1188410 424 930
70928061 556834 388 777
71448968 181633 343 378
72255901 336946 524 726
73135880 828327 981 915
73358465 29878 525 331
73778171 279665 485 746
73924149 34168 417 391
74534825 144591 265 153
75303295 457584 259 131
76050359 38558 469 336
78181471 1947569 714 346
79210004 29944 789 885
79818206 201736 792 375
80225979 209318 708 796
80983951 176894 807 959
81318016 27777 472 609
82274878 89386 983 491
84390215 995719 746 371
85728137 1072008 758 888
87875060 2103554 320 646
88122679 208171 472 681
88363420 71096 391 283
88535267 6166 363 552
89290137 363791 992 525
90440851 100838 793 547
90652879 193444 293 801
91049761 144802 214 548
91523690 347612 31 94
92157713 399193 104 567
93857949 1277322 985 674
96178434 268615 572 516
96253949 16199 336 351
96780173 477817 281 561
97071781 262408 292 849
97610131 203902 949 632
98804200 318326 278 279
99607046 485774 890 445
99987137 363981 31 265
100552249 10898 752 442
102235707 1286007 88 562
102894034 609871 432 931
104056012 384593 519 408
104682712 185244 546 560
105736392 237336 317 712
107513179 1146647 405 903
109221466 1414542 567 891
110412761 603518 415 307
111659422 55360 712 379
112667304 134209 77 455
113766180 676412 284 997
114107639 24547 349 713
115564140 906415 321 601
117024909 870897 354 767
117784679 108279 362 277
118225657 88771 646 770
118646626 186872 298 300
118964020 252503 636 558
119435077 284049 137 90
119964684 519416 317 166
120698753 319367 130 693
121663985 282262 931 575
122446181 575933 272 534
122690672 161295 597 764
123237211 23312 37 43
124134492 831195 318 229
124865866 422142 791 891
125491824 167364 699 708
125719637 177731 460 301
126967410 873352 586 906
128385325 829244 661 503
128770393 221298 617 728
129999091 992156 324 277
130990931 304958 505 596
134950387 1615580 407 841
135860683 191720 621 746
136481716 162084 519 855
137306300 302722 558 590
137400288 78432 632 673
138612595 702223 766 411
139895757 414919 473 966
142315333 706059 914 975
143472956 846596 446 426
143940792 303538 485 630
144307935 83218 806 921
145070771 657691 741 577
145518613 427893 245 325
146756715 868042 207 730
148586253 1198257 553 704
149625965 870234 713 403
150367708 549542 133 702
150902864 377643 422 677
152328438 309140 482 615
154047494 1524363 987 688
154290092 94827 466 841
157265273 1833193 529 820
157678021 63318 133 92
160776211 543579 98 259
162711755 900231 234 383
164286281 990166 373 370
165057722 388850 143 223
165678772 160070 413 536
168496303 1312792 591 356
169486424 419311 955 474
172008187 2123238 237 600
172662741 12382 899 858
173736162 397946 648 403
176261797 2359575 173 551
177323390 722724 715 687
178598804 1210306 747 706
178716537 104101 367 287
179956938 57760 857 482
180447761 317188 848 538
182167772 1472744 401 419
184460065 1875487 917 501
186322053 1273302 307 834
189015426 221402 191 808
189769067 94802 449 561
191185043 516582 705 843
192058654 758445 432 519
193489184 976834 587 821
193609995 32181 387 289
195053637 1251526 876 693
195744679 322244 540 644
196195182 235148 203 672
196852857 477973 363 238
198831363 793122 282 762
201275935 17949 74 54
203697641 2172601 486 976
205837013 1335069 954 968
206502408 123338 78 776
206861375 145283 136 123
209085372 2108196 996 773
209873227 115039 679 497
210629910 733150 928 453
211319406 657726 308 540
211855663 43906 220 199
212752322 38560 454 499
213531472 358268 479 941
214626729 64783 96 381
215403486 440507 628 695
215762385 245096 363 908
216712731 320786 435 723
217717347 791984 402 737
218335462 188015 259 141
218957671 557629 726 675
219080685 21248 92 477
222605130 1842182 937 904
223300140 101612 181 662
224262433 99796 339 521
224982199 404432 467 299
228840531 2775146 92 591
230770105 241002 460 940
231616988 547364 390 208
234559340 1401283 164 147
235602037 936692 497 508
237386754 429611 817 786
238954785 149766 10 506
239598171 504520 276 824
242014356 410580 104 770
243600848 181142 342 522
244816979 632709 150 623
245947659 994335 422 456
246186178 193006 47 540
247755233 11870 707 966
248396420 376368 270 614
251415059 642523 383 244
251634896 163227 902 434
255369091 2254584 43 529
256695400 936004 588 654
257881188 391739 469 749
260053664 81611 409 488
260753121 157311 348 760
263548675 2718304 97 89
264040323 43672 675 457
265551685 532440 470 692
268518852 1637116 234 203
268787430 53653 21 681
270489830 1043367 403 990
273296024 462110 98 978
274138847 263546 627 430
274849494 158377 251 305
277888993 1435045 422 456
279552886 49715 224 222
281152505 1437467 618 755
283311467 1118588 111 613
284370136 939246 131 766
285455576 765938 647 762
286436940 917276 442 865
287095308 68289 757 411
288472892 172187 66 193
288751645 82887 933 892
289827149 33686 442 763
291984702 1600000 87 416
292689473 260182 331 644
294471564 304763 86 352
294931406 147183 89 428
295911449 942007 749 687
296255329 204901 820 443
297756903 1380456 358 500
297918979 7460 525 433
300644145 1026947 598 573
301363372 509384 775 795
301915819 252768 411 768
302421917 31749 680 870
303668461 843319 405 629
306472905 1667922 237 566
307229764 250475 123 503
308578700 873855 274 587
309642288 1048105 745 383
310126447 478727 152 292
311259632 63847 87 574
313987431 2205068 26 526
314356242 342953 567 376
314804427 343684 402 901
315806155 344984 333 620
316318159 197878 57 171
318344945 517525 337 166
321484378 3093658 473 866
323227446 33762 231 273
323891874 46030 78 259
324541057 591260 881 927
324742316 186324 469 870
325535966 208380 219 768
326704253 1095136 37 449
327481411 179296 227 205
327877103 192637 844 423
328626895 45055 743 519
330341312 169785 216 878
330701942 61078 579 626
331368665 460406 67 386
332667863 947803 762 821
335793894 1722811 669 690
336695272 773351 568 773
337603910 370183 989 489
338476748 605947 276 245
339012303 96101 689 474
341361924 1954388 35 667
344274558 2750596 801 525
345242616 432762 638 574
348098853 2161277 140 766
349029212 183183 294 759
349805060 465888 277 686
350486401 420538 588 495
350782846 165454 402 316
351915010 147236 79 615
353317741 1316528 40 792
355505757 105471 171 837
357134153 1526796 982 632
358528295 113695 394 718
361246776 1019350 812 451
362153702 395650 132 349
366052652 3037755 78 750
367607879 1516838 97 89
367869363 51516 117 478
369634327 802973 153 708
371144051 1299334 248 238
372591577 334740 128 259
373326412 432515 554 698
374772636 225948 44 790
376654151 1000565 55 480
377618000 74565 874 763
379123567 373801 862 758
379829584 109946 102 973
380447236 426009 69 973
381366943 144693 547 786
382379650 65063 8 549
383001626 442174 422 760
383497816 352294 496 942
384726766 523683 680 573
386206615 336343 350 965
387429087 1166183 207 141
390192755 654977 857 512
393914549 425051 495 539
395664895 1628929 367 483
396312993 542054 442 645
397234174 307662 198 266
398052253 195688 929 473
398296300 144361 98 95
398428068 83251 888 727
400883629 1275177 121 162
402331089 842712 195 499
403116199 105221 644 682
404180997 1031052 616 571
408258772 3763148 738 657
408679215 358139 408 258
411414038 355585 374 278
413290400 1123862 639 693
414640237 496697 741 887
415414115 324260 699 420
417498378 677385 255 479
419218378 118110 983 617
420498705 323261 613 375
422450961 1787091 532 890
424175580 77890 634 623
427002644 2787514 253 581
428644601 23855 533 637
429818439 115386 48 671
430654986 276574 17 116
432102003 979229 578 720
435993117 780039 281 860
436783496 208795 105 342
437369832 126798 267 401
439186460 2948 633 354
439876627 640716 256 168
441861227 203370 327 550
442738028 606212 203 931
442965893 106884 931 710
443446818 118611 500 671
444967196 1176852 351 435
447052221 1117060 844 598
447828504 368578 665 693
449259104 1067115 539 434
452998989 623838 217 659
453738484 597686 770 697
456185973 657928 915 729
456584572 342979 87 152
458154629 670984 824 415
458562369 40025 922 485
459911028 1000295 213 968
460560362 262104 375 944
461688919 250895 684 777
463766589 1939579 398 899
465563197 1502656 142 974
465764161 103360 849 807
466885394 229654 115 75
467692765 111858 408 776
468926598 498919 1 750
472328357 880244 353 992
473302466 420147 505 928
474790710 418356 537 449
475694803 318045 16 284
477159883 1032187 896 490
478119704 871939 283 557
481317276 2688778 965 767
483205829 887937 402 804
483727597 156706 918 864
484968927 813346 838 851
486383379 732360 169 827
487904958 930686 30 50
488864468 576634 500 982
489371837 353778 741 429
490336808 451378 366 580
490732186 195781 267 422
492417412 1116001 438 283
497621109 4255924 760 737
499001496 205619 382 833
499733323 606430 162 309
500877515 543665 311 374
503973005 2526082 556 943
506423340 1430119 440 949
506889623 343491 30 980
507711625 68410 969 461
508908336 593580 164 642
509572775 38837 37 763
510095703 113630 372 354
511566920 1251519 849 762
512032929 231436 169 947
513591494 325247 753 782
514978180 1112994 320 250
515301635 240615 816 806
517775019 325603 56 858
522307393 4421282 15 451
523637464 797095 125 507
524511841 848148 824 877
524863804 255805 53 297
525678645 673948 125 962
526245275 203797 556 296
527802183 1262552 139 782
528723654 866350 654 854
528926760 158651 366 381
532659807 3017721 14 47
534244091 1542164 70 922
534633451 165265 646 770
535732760 838160 153 715
536850211 850711 591 507
537707388 490521 416 252
539034763 217884 8 576
539377743 24732 59 682
540333161 481081 254 212
541895738 163361 651 549
543094282 1048064 780 401
544433286 1044337 694 936
545169619 662581 831 856
546713723 888534 249 553
547379325 398335 790 903
549219227 1263601 37 846
549873966 174650 953 504
551577231 1397763 252 198
553584792 1846373 588 902
555337092 83437 483 930
556376941 533152 154 684
557709295 144892 828 704
558688813 294316 91 341
559097076 204163 790 704
560235582 125989 128 656
561247321 902529 211 914
563663085 1393177 175 585
565154256 974066 961 752
567708790 2097297 322 272
567993652 259431 458 877
569332043 289389 516 674
570129940 472158 502 757
572816128 1651451 959 628
574385071 1260914 276 824
577952172 2781701 268 765
580242726 539538 39 56
581356661 456103 557 632
582572760 243880 911 959
585895245 3261632 426 344
586768213 680120 41 992
588477522 1373773 388 544
589927718 652656 989 681
591452356 215262 275 584
592561768 558178 6 252
596223177 1542956 195 347
597678726 637006 471 725
601442886 1727810 254 231
602882567 614173 751 486
604233677 3250 193 662
606201283 851194 977 916
607807513 505117 131 356
608138957 78601 906 862
609613918 122564 318 581
610488308 663886 261 971
611258582 440692 129 193
612142538 659969 490 535
614099118 1712846 505 596
615025673 507255 252 493
617160464 509782 93 397
618339630 196966 84 59
620425464 926834 483 381
620731239 72352 678 775
621036200 154732 176 766
621064958 17008 737 751
622717272 1285290 140 717
623273208 345571 62 410
623518492 232691 573 633
624832323 622248 453 673
626555382 539133 518 418
627517480 825041 564 788
630416199 351479 137 170
631257110 660745 338 825
632234996 295634 339 465
638237156 5956301 851 756
640167603 332424 815 384
640617193 29608 311 982
642616069 1073437 256 756
643736504 98949 758 794
645672427 1680702 503 294
646250304 196643 388 321
647850145 585056 96 136
649209350 1140293 207 687
650216633 810901 791 577
651199486 473828 999 495
653620305 328381 625 834
656316457 819809 75 360
656349605 32899 466 850
658238041 324395 347 889
658791533 34198 78 134
659755784 588158 69 445
660848476 670738 914 636
661940796 982770 843 469
664535019 1787503 145 85
668001641 2597171 953 723
668932322 490407 433 228
670771188 1556652 922 770
671652120 621291 776 766
673027313 17208 584 291
676568070 1042458 54 510
678170556 918207 175 223
679220689 621978 857 723
682604159 2836995 178 476
683100236 100879 237 187
685591437 522313 900 546
685861911 189325 549 592
686819408 193865 251 786
687206391 243317 717 841
687887484 310042 154 677
689446082 906905 284 963
689946747 310462 50 785
690701657 405828 724 639
691569652 649714 366 251
693840361 1510917 414 409
693919647 29994 373 589
695159080 852285 41 397
695880049 656583 291 160
698071141 514847 281 326
698688040 279235 337 299
700045572 948544 209 908
702013731 1494910 980 631
704197941 1461337 701 802
705779719 191189 155 593
709228016 2606283 425 904
709819613 58953 91 889
710190735 330553 708 571
711152450 511317 20 511
714098851 2600221 193 809
715791577 897213 5 115
716313071 125355 76 468
717985337 1079688 15 217
718816168 675504 618 423
720180537 1007266 195 385
720470263 229727 44 670
722635626 951525 492 902
723119961 435078 50 614
724462339 415030 754 612
725404784 777954 165 240
725750649 123008 235 774
726361351 460444 491 281
728257783 275979 241 327
729004650 728649 790 704
729345305 128057 601 499
731326373 1491016 472 227
733154537 1428735 106 601
733673642 393062 34 564
735778346 27412 920 874
736742252 473355 310 469
737723681 751047 615 505
738237670 320206 749 722
741741394 1367788 359 854
742939601 1154756 238 603
745635386 1705455 483 930
746554159 309747 26 995
747039491 221235 283 435
748415955 937102 64 459
748595117 131796 172 195
749259629 361938 467 716
749984007 293383 227 667
751446652 681325 410 296
751993313 381228 344 456
755890929 1170514 841 936
756192263 1928 803 411
760236957 2867426 406 562
762615607 711356 477 375
763006751 269350 848 979
763687974 604247 830 879
764881608 646924 372 657
766604471 603308 519 304
769592323 1978108 154 778
770446857 594086 685 643
772065217 488661 179 745
774043453 1346124 654 355
774560287 362960 117 514
775045493 233206 806 921
775814501 252858 46 476
776347461 396840 321 980
777277005 26834 70 515
779975336 1022722 6 19
780516458 402235 288 954
782076803 104612 268 839
784744671 207027 361 442
785348628 15661 429 901
786211881 129430 583 942
787189531 31080 975 766
787516336 53155 451 641
788272586 115655 512 677
789892649 1060133 522 950
790600636 243722 94 755
791376249 525591 319 832
793591917 1351436 237 600
794561625 606036 534 701
795504426 355753 134 239
798109435 463908 767 881
799873800 441892 72 922
802973339 2610999 822 600
803278334 226374 767 894
805663416 1028545 57 509
808613597 1244980 536 890
809686268 610820 337 837
812351672 2638781 994 609
814381132 351180 765 704
814505352 3285 460 571
815794520 399464 554 655
817195685 1360501 473 352
820189127 1617952 81 243
820797764 367092 34 793
821740317 641432 320 646
822674744 186072 577 414
823258943 237675 388 597
826799283 259545 130 812
827867325 705949 88 107
833178996 349300 20 454
836106281 2434370 779 600
838153707 505279 101 611
839193154 620046 369 381
840305993 496195 944 474
841199509 717725 176 338
841529344 194972 62 369
842802218 617681 946 534
843256049 60993 660 571
844398719 397266 553 845
845380096 741050 253 350
845754693 286928 343 248
846057649 30536 631 806
847420061 1098186 189 300
848837034 299927 59 689
854953348 5492475 821 658
857060844 1402023 990 708
858933168 1796736 238 224
860386549 504682 64 693
861209031 227851 863 573
863946078 2584317 615 476
864739693 524475 690 799
868717331 2463457 125 498
869125083 197292 807 959
869859193 254135 815 712
871353874 566749 883 767
874025233 1378133 568 662
874847094 406079 677 563
877160606 1992850 397 456
879139633 47866 561 397
880838460 245311 412 903
881852443 661074 267 892
882645788 702913 618 727
885175949 886455 467 599
886442662 636769 210 870
888234296 1730959 446 572
890078163 1642398 868 530
891659735 841814 167 956
892726664 923196 275 878
893136864 282856 658 387
893699839 445054 354 670
894438946 370222 320 862
894976605 83863 306 163
896718767 1089870 463 388
897285965 376603 707 565
898457415 759140 990 849
900057588 297734 102 480
900690942 513999 823 505
904815030 2545025 688 910
905993806 1030742 193 929
906782048 743585 522 590
909528170 1887880 221 482
909892718 232720 979 786
910831787 869460 303 915
911928775 400869 244 133
912109428 24821 147 190
913362181 823789 567 914
913545070 38322 456 732
914225770 223479 492 928
914972978 96993 665 376
918109768 2627998 920 579
919062877 168790 106 984
919834794 607510 596 577
920143312 198629 332 949
921003450 134174 9 771
922120223 1057485 121 68
923126912 591099 485 233
924129205 966562 888 426
924785501 382944 806 571
925501719 94405 145 85
926842755 158837 161 750
927809403 404287 77 883
931090526 1425767 137 120
934062464 2255321 337 403
936632059 387123 313 438
937778152 435935 406 642
939604313 939935 391 348
942796129 2289599 749 471
943332541 316574 265 452
944805679 872533 360 313
949672127 4753052 816 830
951360323 540233 259 419
953112347 1461367 319 471
953360239 52845 249 375
957277469 1538873 484 371
958169390 507716 219 839
959159664 259261 632 505
960564197 1112091 480 697
961266243 389346 256 421
963032277 434513 301 240
966329253 618004 540 925
968469092 1866215 628 574
968977189 5381 158 789
969650937 428482 473 449
971781605 642797 1 808
973109754 198713 926 644
973736321 408121 141 347
974706217 437903 699 929
978394251 3347238 3 112
979808557 283903 869 772
980690363 103833 420 994
981502668 661521 88 569
983005434 270090 775 470
983964094 776436 144 556
986295024 836276 802 799
987099167 593499 258 195
990580981 948063 606 997
991480218 157892 798 951
991855188 302357 67 483
993462288 895034 564 788
994450089 470246 629 553
995060811 525111 143 805
996791263 1652474 170 455
999053704 1213770 270 446
999414590 167102 50 907
