623 3122 615 879
505185 208362 303 958
919146 396513 444 700
1478832 405111 346 542
2167866 488066 194 505
3252370 416378 36 946
4523342 480444 143 796
6158293 513630 30 51
7053471 302052 223 354
7827763 753594 26 793
9095663 825777 246 387
9479057 39941 54 539
10337787 347666 15 783
10772386 302310 103 801
11447582 239671 474 691
11546087 77261 95 815
12389479 457399 129 999
14638024 900253 182 462
16440068 90145 561 816
17031905 334071 153 482
18223170 296242 202 915
18710823 56232 18 154
19948252 503686 38 301
23325387 1444314 375 962
23601811 75330 368 559
24691013 371057 39 62
25222594 366246 61 793
26012338 560303 119 788
27133103 350336 271 829
29245854 224345 433 806
31190973 442790 63 295
32410212 100460 37 511
35362252 2737711 469 991
36214011 76571 233 799
36549483 328222 170 738
37741262 84752 418 863
39322392 1364573 183 902
40104256 54798 480 936
40929112 209166 164 733
41669692 412116 367 714
43515033 1027776 19 697
44756987 720631 122 546
45594573 727716 118 803
47442019 769053 8 30
48045328 180057 222 960
48508505 334908 57 372
49968377 61248 8 609
51007205 65647 243 899
52080516 179862 580 929
52455265 206767 369 898
54128700 153621 2 696
54165689 30550 188 497
56091080 1741188 208 860
57219060 84117 365 793
59191923 983167 376 875
59996930 594454 546 805
61888765 1196915 422 714
64197953 2001618 193 601
64377629 131805 1 834
65933585 244822 77 302
67247853 787062 162 443
68342668 250594 276 866
69808105 1168896 357 841
70583311 7219 302 877
70924158 19363 489 830
71075166 30764 179 715
71590272 187955 58 617
72397144 91218 72 204
77641503 1502408 522 747
80436603 930436 224 781
80810429 315044 631 993
83483397 1534798 308 464
84387290 260617 681 998
84746641 108888 216 988
87341806 2304758 425 937
88093586 540062 82 712
88372674 54753 555 840
88663418 264807 479 887
91095880 815533 124 347
91550881 338184 68 168
92671088 888346 382 820
94457765 1144479 38 949
94677444 53268 405 789
96200786 242200 380 800
96505299 4216 122 523
96949393 330274 22 598
97178673 15280 277 858
97402886 78902 330 899
98534624 729080 301 929
99039514 42757 118 483
100484175 970838 578 998
101439004 15342 127 642
102225478 288821 502 987
103530232 457395 396 994
103948361 384863 219 484
105031185 494137 60 345
106302706 662460 47 740
107155125 131757 308 773
107693176 25115 603 989
108757404 361471 205 677
110023598 1201365 314 833
111044368 427042 16 866
111504371 415700 13 682
111679975 146190 196 666
113974618 1384505 480 749
115876344 134858 206 496
117331295 1269199 7 237
117758653 70079 147 954
118206372 71734 278 784
119209318 141566 51 173
119867072 140868 226 473
120360746 214763 154 956
123124479 2265536 194 802
123518329 9670 558 804
124331543 201124 576 839
125402598 490276 181 490
126826908 520747 630 949
126898770 52322 155 943
130277359 979558 162 358
131789379 431728 187 785
135746205 3373683 248 359
136447809 57519 377 668
138100279 810373 504 788
140395186 1770900 203 475
141928497 358357 403 890
143500521 1462668 431 684
147090619 1582390 211 695
148186513 764041 78 646
150107331 1457366 116 335
150762113 445927 181 761
150985858 96989 44 921
153296416 1470622 10 469
154413778 246067 28 878
156679856 1948012 235 361
158399919 1175224 179 561
161042867 1637825 172 484
162953873 236904 53 964
163530667 55074 205 971
165642838 1673596 299 607
166211691 138059 33 747
169946246 2732508 361 733
170399011 223464 17 183
175374185 2517058 76 985
178225075 2470180 71 182
178957642 516544 364 765
180511013 310729 288 785
183989721 1075482 137 978
184419578 296786 488 829
185668584 1239108 230 364
187356013 159330 413 614
188058245 431173 337 527
189410696 601711 236 525
189649545 88122 177 704
192144659 2324319 191 493
192307743 53761 159 548
195494584 2539569 25 922
195762992 188591 602 930
196876751 50424 21 755
198840706 1254731 291 903
199737018 700225 538 884
203897032 2901114 124 521
204758442 841880 543 795
206403391 489610 227 745
206589651 155485 68 417
208079895 1045304 312 810
210803081 573441 156 453
212773616 1529618 384 551
215900669 2581944 59 280
218553884 2037811 63 334
218926425 252164 117 456
219378393 43678 120 179
221717880 555873 176 604
222526405 180620 283 659
223416874 858445 520 841
224511916 14690 251 804
225213156 193215 278 553
230946527 5390172 201 745
232352244 986749 19 609
232428368 17009 361 702
233632936 1079857 423 654
238026031 517343 61 901
238286328 172997 125 748
240253554 1651476 240 711
243762648 854798 229 896
244998489 244343 290 706
247091038 771896 60 120
247553564 169194 314 536
250689748 1704810 366 627
252887780 1155293 51 365
253776309 621524 164 584
255232160 315428 221 571
257564876 690984 215 563
259000045 1208041 47 948
259887770 319106 475 975
261856971 1144779 152 585
262655553 720311 77 569
265958375 1168914 8 292
267473883 478635 399 739
268718819 69764 591 914
269310816 83005 221 747
273332053 2293495 222 803
276981301 661590 352 964
278183588 1130482 403 716
278517141 215923 312 1000
278642719 4312 148 805
279032415 23246 73 925
282146225 1027545 239 731
283003574 836813 530 765
285786246 1458756 173 732
289622059 718583 218 480
292297683 1986928 51 296
293598172 103052 89 586
296260273 1115358 121 211
298143180 1660883 33 108
301264179 2072716 69 777
302873685 85837 577 905
306380784 986329 494 728
308565350 520484 190 565
310250373 1484767 262 719
312113913 1826773 55 776
314899424 1811392 86 466
315191553 173088 244 641
316440979 1019963 326 602
320607776 2281761 92 782
321551626 474677 247 789
322533920 937640 297 612
324451291 1065107 47 391
325920742 622066 188 272
327529804 321431 250 801
328554102 673989 92 523
329988467 462603 542 906
331514318 461966 478 764
334700921 3002423 122 279
335885133 659467 59 151
339961935 898409 219 546
342523296 2497863 267 911
344504610 897781 252 663
345352517 180242 62 90
346440146 521725 328 534
349761875 3295907 147 379
352391892 2137743 46 395
353609320 979305 1 21
354560655 150964 47 335
355137030 317774 365 573
357356369 58107 8 171
362316860 4336809 146 521
363249536 762080 193 601
364117390 634062 241 516
368656911 2441781 309 761
369612172 928337 201 922
369995068 374439 231 590
371031411 592426 185 513
374636731 1491446 84 580
378817875 2838655 62 790
379198611 73713 159 444
381292695 1720312 122 550
383068077 806529 506 873
383448268 348485 107 209
384802813 744264 184 551
389331645 4072040 79 752
390591725 682841 449 908
391519013 882860 579 835
393358501 859020 506 844
394400692 128691 509 992
396386046 1759759 96 445
398229496 1341002 165 305
402801670 3302294 231 785
404977610 491945 202 566
405682901 14874 138 487
407243160 459518 20 659
408159955 240190 44 541
409222765 876802 536 843
411931981 1352536 78 409
413518162 1022533 256 601
414070763 543449 133 766
414816876 596673 91 537
417994142 2039742 43 319
419104481 327588 337 813
420503926 341477 149 379
422393146 215940 538 840
423888025 600792 303 449
424467623 490932 288 568
425090715 520879 77 395
429501775 696843 255 770
430476910 418190 110 995
430938482 372804 63 219
431114014 113339 588 989
432081851 470023 32 498
433253811 853378 127 816
434939489 366094 31 644
439214311 1782506 65 506
445753189 2044011 154 672
446091969 175605 360 895
446526704 261528 284 522
447564446 656608 78 541
448304903 83684 27 891
449892421 383891 380 825
450723468 136610 383 917
452608415 234455 391 829
454502024 828062 100 964
457793616 2084122 107 460
458741658 504911 300 794
459533054 332672 289 945
459987276 348044 456 727
460385581 9141 12 58
462083452 1208828 255 761
463230343 797243 326 591
466308429 1959458 140 670
469521733 583486 31 242
470863042 968667 46 887
474987524 1242106 21 264
476112285 658145 320 648
477311011 51819 59 607
481445725 4075329 370 575
481550008 81052 140 531
482936955 252998 155 692
483298492 287861 302 525
483541315 172719 6 887
483694227 43550 421 929
484456561 461462 146 860
485868728 756873 369 876
487145216 1150972 437 737
487746743 308224 486 789
492252585 3043659 215 586
494009953 279570 600 917
497124024 1544132 40 869
497300009 157023 100 902
500116033 2763950 52 902
503394661 1664824 49 368
510072196 4681476 138 403
513440753 693556 220 511
515099297 534522 300 881
517168003 1845224 187 788
520726470 3293362 261 635
522003740 1045131 461 950
522890643 235157 122 895
524797035 1798399 80 777
528990327 24258 25 223
534732561 3421310 235 361
535595902 530008 259 726
535828884 205518 22 331
536277214 281776 91 547
538465936 1901749 167 857
539966646 1450567 226 627
542846655 870067 273 408
543183666 317818 654 968
544706487 1082546 196 321
546724023 905785 28 664
548593772 795993 345 643
550535471 836759 208 860
552495501 939758 81 724
553759278 303626 332 589
555062066 556114 68 588
557602049 1433969 211 610
559434545 265420 124 859
561180464 1374987 371 884
562374787 65687 38 722
563567049 845732 400 836
564217387 260772 313 736
566922823 434456 324 613
569144710 1530119 283 593
569739808 257329 317 776
571738846 1433110 500 850
573876004 846169 147 800
574235957 141816 435 748
575660468 978542 412 809
577021931 746131 239 777
578244395 161563 326 861
579519160 1137845 179 632
581095598 1419897 114 535
581887285 462617 42 690
582809820 759973 386 684
587317609 1190911 42 787
588042873 642699 198 330
588571807 321127 79 127
589415756 22553 140 445
590024470 2941 273 995
591111558 631359 252 445
592869669 1712970 37 466
593692945 403073 90 264
597634201 557987 419 884
598731760 215594 225 383
598794729 52635 8 830
602100566 3296479 59 946
603852341 682188 148 711
606041830 409040 658 956
606140911 67426 64 483
607866145 1487918 313 646
609105160 160902 174 449
609544757 300504 145 861
611765713 759976 419 992
611921377 143134 67 485
613235164 1004769 159 688
617911841 4224779 170 559
618759858 758650 258 391
619890491 53898 3 338
624413461 2223928 194 987
628076478 3574951 60 161
629314313 190340 20 78
630401599 758925 185 928
631483085 1004236 22 288
635612103 1950334 40 404
637646322 966137 265 945
639299607 544382 535 791
639518127 121701 110 239
641736646 2211354 529 802
641993829 183750 631 962
645393584 1901975 68 749
648413355 1320431 136 621
650458584 1762880 29 825
650832597 141819 39 379
651779901 290610 34 384
653236825 956230 93 805
656696536 2299262 525 868
660432248 2437006 404 821
660919204 391213 155 940
661531620 16134 305 633
664208798 502633 301 801
666410093 764862 322 942
667015519 374780 180 649
671690583 1789407 392 922
672119464 324768 277 543
672396290 114935 117 188
674019642 2382 21 839
676008010 780871 8 830
676967081 747887 260 654
678623998 884519 464 751
679237782 358715 460 938
682649952 817615 438 790
683383738 157970 561 916
684745294 1015494 320 835
685563166 612600 232 631
686473176 271636 215 531
687697662 289134 149 370
688226278 398420 18 521
689441545 530462 28 703
692013570 588406 179 632
696050558 1987450 175 718
700497924 982861 83 213
702244299 1382721 48 871
703513486 957470 234 604
704600831 671167 208 588
705156345 15187 129 814
706602505 244604 165 280
707783301 455558 272 760
708426299 283894 171 442
709363749 611003 423 654
711177150 1447023 485 938
713569248 642545 670 974
715532710 730365 481 734
716323544 573142 631 962
717401465 88747 166 992
719903840 1501928 17 765
721408685 745091 343 790
722336649 302484 115 510
723380695 751635 20 418
723889603 349476 387 559
725781809 1204902 450 852
727623227 5119 8 459
727988854 135337 76 695
728687747 166589 532 899
729324626 610657 116 537
730795123 1235752 242 410
732780353 300544 156 704
736541483 1238963 252 819
737414307 70343 323 618
738381392 180653 324 989
738996600 286895 95 568
742494465 1123215 164 795
745004043 828149 236 576
746346386 569393 542 995
747420284 684415 491 827
747746386 203431 387 661
749121152 914124 61 707
753428778 4090715 118 525
754269123 542709 473 715
756174900 1296625 126 192
757960366 395355 242 901
758073669 26158 90 824
759640368 697880 484 922
759887320 212123 12 102
760769667 492486 199 535
763107992 669347 220 791
764441815 72554 6 183
766639714 495485 580 894
766739495 79059 316 553
769303303 2547559 128 856
770369883 748863 323 918
770639370 267645 284 966
775577385 2796698 317 735
775931370 10536 85 816
779195114 2978721 100 144
779449695 104865 123 426
781743846 2212830 204 781
781831575 63366 310 509
784731727 321121 169 856
785836421 709995 109 671
786944884 436608 104 499
787869865 128316 17 852
788338893 24030 140 789
789479124 44335 137 291
789889454 89028 67 205
792423672 1585783 544 991
793300945 173539 48 887
796032164 135311 262 543
798556776 856123 381 857
799353000 670995 170 717
800903503 126111 295 681
804920245 3215638 316 734
808042682 3087581 105 912
811498941 3485 331 929
812025757 234317 34 921
814637851 386943 99 911
815783999 858539 430 867
818668257 2836807 150 506
821324411 1388789 41 262
822061469 56851 329 849
824527001 119393 21 618
824959525 397080 26 963
826808060 1479130 223 670
827967509 90940 450 962
829021294 507161 158 996
830178143 779956 621 925
831137472 508990 140 470
833642148 1672732 218 827
835202858 1532858 17 765
838375809 1102103 127 816
839852541 1086242 283 849
840362326 77972 152 685
842319373 827879 576 972
842975279 274479 495 924
843367924 256217 533 936
844632076 949676 586 873
845399790 252616 225 417
846094801 667833 259 878
849204746 1980144 453 866
851524035 1263552 54 352
852217960 330564 443 750
852613535 44952 323 501
856193582 644850 375 994
857251432 235165 586 926
860643708 1940051 425 630
862969745 1202259 394 573
864414527 1442204 408 877
866564715 377848 26 176
868733871 299292 561 994
870339871 589957 74 747
873004338 363219 126 311
874239201 9288 579 984
876295377 1141737 353 641
878372914 820389 116 211
879166784 155046 256 799
881901382 1459595 223 766
882216441 74046 8 188
884823976 1315993 320 565
886155586 261497 276 908
888544072 531894 322 817
890503144 112563 471 916
891729627 27725 27 58
893689234 1335324 327 905
896810663 515174 115 720
898384502 121906 102 384
899381470 281788 18 141
901463942 911292 296 680
903291852 1221188 314 592
907176864 642528 152 435
907995091 88155 416 926
910184397 1855566 183 273
911525867 1104940 361 745
913038151 503619 247 885
914114284 31368 267 994
915385641 730364 349 911
915799365 261309 148 643
917836727 676539 254 648
919652736 1809554 529 996
921649009 1983985 113 776
923766869 1063543 384 727
924060764 115647 18 878
926063352 1580754 121 194
926855613 705029 637 984
927448585 33210 185 338
927646340 131923 401 708
927956457 237354 24 48
929204086 299222 55 789
930278730 165260 260 484
932301169 1236580 168 390
933764660 1138582 148 926
935924042 1969839 80 941
937506834 935855 525 774
937796071 55128 119 791
939578551 156094 243 838
941187054 1534355 405 818
941489087 131276 195 987
943296419 60364 257 643
946463224 2104942 300 814
948927760 1470396 40 716
949956974 416070 189 695
954933536 1479627 196 325
957951829 1342491 219 745
958916061 902842 428 631
961792014 1871138 194 356
963292964 1242938 453 973
964476559 673929 472 757
964779130 61339 135 398
966026841 620772 165 280
967059598 486378 109 372
968000836 688385 386 875
968954667 376442 255 553
972397414 1005411 146 903
972773966 23328 191 513
974155627 414723 184 396
974766396 214650 303 736
978473667 1095005 42 954
981281014 1702888 212 390
982970936 873830 140 985
985242985 1486218 150 467
987291532 160155 250 744
988824306 1071302 452 721
990504936 1447396 349 963
991219894 214811 605 994
993267384 1274527 138 525
995831211 1495048 39 417
998484628 668967 210 557
999435996 751207 13 88
