2
8
18
32
50
72
98
128
162
200
242
288
338
392
450
512
578
648
722
800
882
968
1058
1152
1250
1352
1458
1568
1682
1800
1922
2048
2178
2312
2450
2592
2738
2888
3042
3200
3362
3528
3698
3872
4050
4232
4418
4608
4802
5000
5202
5408
5618
5832
6050
6272
6498
6728
6962
7200
7442
7688
7938
8192
8450
8712
8978
9248
9522
9800
10082
10368
10658
10952
11250
11552
11858
12168
12482
12800
13122
13448
13778
14112
14450
14792
15138
15488
15842
16200
16562
16928
17298
17672
18050
18432
18818
19208
19602
20000
20402
20808
21218
21632
22050
22472
22898
23328
23762
24200
24642
25088
25538
25992
26450
26912
27378
27848
28322
28800
29282
29768
30258
30752
31250
31752
32258
32768
33282
33800
34322
34848
35378
35912
36450
36992
37538
38088
38642
39200
39762
40328
40898
41472
42050
42632
43218
43808
44402
45000
45602
46208
46818
47432
48050
48672
49298
49928
50562
51200
51842
52488
53138
53792
54450
55112
55778
56448
57122
57800
58482
59168
59858
60552
61250
61952
62658
63368
64082
64800
65522
66248
66978
67712
68450
69192
69938
70688
71442
72200
72962
73728
74498
75272
76050
76832
77618
78408
79202
80000
80802
81608
82418
83232
84050
84872
85698
86528
87362
88200
89042
89888
90738
91592
92450
93312
94178
95048
95922
96800
97682
98568
99458
100352
101250
102152
103058
103968
104882
105800
106722
107648
108578
109512
110450
111392
112338
113288
114242
115200
116162
117128
118098
119072
120050
121032
122018
123008
124002
125000
126002
127008
128018
129032
130050
131072
132098
133128
134162
135200
136242
137288
138338
139392
140450
141512
142578
143648
144722
145800
146882
147968
149058
150152
151250
152352
153458
154568
155682
156800
157922
159048
160178
161312
162450
163592
164738
165888
167042
168200
169362
170528
171698
172872
174050
175232
176418
177608
178802
180000
181202
182408
183618
184832
186050
187272
188498
189728
190962
192200
193442
194688
195938
197192
198450
199712
200978
202248
203522
204800
206082
207368
208658
209952
211250
212552
213858
215168
216482
217800
219122
220448
221778
223112
224450
225792
227138
228488
229842
231200
232562
233928
235298
236672
238050
239432
240818
242208
243602
245000
246402
247808
249218
250632
252050
253472
254898
256328
257762
259200
260642
262088
263538
264992
266450
267912
269378
270848
272322
273800
275282
276768
278258
279752
281250
282752
284258
285768
287282
288800
290322
291848
293378
294912
296450
297992
299538
301088
302642
304200
305762
307328
308898
310472
312050
313632
315218
316808
318402
320000
321602
323208
324818
326432
328050
329672
331298
332928
334562
336200
337842
339488
341138
342792
344450
346112
347778
349448
351122
352800
354482
356168
357858
359552
361250
362952
364658
366368
368082
369800
371522
373248
374978
376712
378450
380192
381938
383688
385442
387200
388962
390728
392498
394272
396050
397832
399618
401408
403202
405000
406802
408608
410418
412232
414050
415872
417698
419528
421362
423200
425042
426888
428738
430592
432450
434312
436178
438048
439922
441800
443682
445568
447458
449352
451250
453152
455058
456968
458882
460800
462722
464648
466578
468512
470450
472392
474338
476288
478242
480200
482162
484128
486098
488072
490050
492032
494018
496008
498002
500000
502002
504008
506018
508032
510050
512072
514098
516128
518162
520200
522242
524288
526338
528392
530450
532512
534578
536648
538722
540800
542882
544968
547058
549152
551250
553352
555458
557568
559682
561800
563922
566048
568178
570312
572450
574592
576738
578888
581042
583200
585362
587528
589698
591872
594050
596232
598418
600608
602802
605000
607202
609408
611618
613832
616050
618272
620498
622728
624962
627200
629442
631688
633938
636192
638450
640712
642978
645248
647522
649800
652082
654368
656658
658952
661250
663552
665858
668168
670482
672800
675122
677448
679778
682112
684450
686792
689138
691488
693842
696200
698562
700928
703298
705672
708050
710432
712818
715208
717602
720000
722402
724808
727218
729632
732050
734472
736898
739328
741762
744200
746642
749088
751538
753992
756450
758912
761378
763848
766322
768800
771282
773768
776258
778752
781250
783752
786258
788768
791282
793800
796322
798848
801378
803912
806450
808992
811538
814088
816642
819200
821762
824328
826898
829472
832050
834632
837218
839808
842402
845000
847602
850208
852818
855432
858050
860672
863298
865928
868562
871200
873842
876488
879138
881792
884450
887112
889778
892448
895122
897800
900482
903168
905858
908552
911250
913952
916658
919368
922082
924800
927522
930248
932978
935712
938450
941192
943938
946688
949442
952200
954962
957728
960498
963272
966050
968832
971618
974408
977202
980000
982802
985608
988418
991232
994050
996872
999698
1002528
1005362
1008200
1011042
1013888
1016738
1019592
1022450
1025312
1028178
1031048
1033922
1036800
1039682
1042568
1045458
1048352
1051250
1054152
1057058
1059968
1062882
1065800
1068722
1071648
1074578
1077512
1080450
1083392
1086338
1089288
1092242
1095200
1098162
1101128
1104098
1107072
1110050
1113032
1116018
1119008
1122002
1125000
1128002
1131008
1134018
1137032
1140050
1143072
1146098
1149128
1152162
1155200
1158242
1161288
1164338
1167392
1170450
1173512
1176578
1179648
1182722
1185800
1188882
1191968
1195058
1198152
1201250
1204352
1207458
1210568
1213682
1216800
1219922
1223048
1226178
1229312
1232450
1235592
1238738
1241888
1245042
1248200
1251362
1254528
1257698
1260872
1264050
1267232
1270418
1273608
1276802
1280000
1283202
1286408
1289618
1292832
1296050
1299272
1302498
1305728
1308962
1312200
1315442
1318688
1321938
1325192
1328450
1331712
1334978
1338248
1341522
1344800
1348082
1351368
1354658
1357952
1361250
1364552
1367858
1371168
1374482
1377800
1381122
1384448
1387778
1391112
1394450
1397792
1401138
1404488
1407842
1411200
1414562
1417928
1421298
1424672
1428050
1431432
1434818
1438208
1441602
1445000
1448402
1451808
1455218
1458632
1462050
1465472
1468898
1472328
1475762
1479200
1482642
1486088
1489538
1492992
1496450
1499912
1503378
1506848
1510322
1513800
1517282
1520768
1524258
1527752
1531250
1534752
1538258
1541768
1545282
1548800
1552322
1555848
1559378
1562912
1566450
1569992
1573538
1577088
1580642
1584200
1587762
1591328
1594898
1598472
1602050
1605632
1609218
1612808
1616402
1620000
1623602
1627208
1630818
1634432
1638050
1641672
1645298
1648928
1652562
1656200
1659842
1663488
1667138
1670792
1674450
1678112
1681778
1685448
1689122
1692800
1696482
1700168
1703858
1707552
1711250
1714952
1718658
1722368
1726082
1729800
1733522
1737248
1740978
1744712
1748450
1752192
1755938
1759688
1763442
1767200
1770962
1774728
1778498
1782272
1786050
1789832
1793618
1797408
1801202
1805000
1808802
1812608
1816418
1820232
1824050
1827872
1831698
1835528
1839362
1843200
1847042
1850888
1854738
1858592
1862450
1866312
1870178
1874048
1877922
1881800
1885682
1889568
1893458
1897352
1901250
1905152
1909058
1912968
1916882
1920800
1924722
1928648
1932578
1936512
1940450
1944392
1948338
1952288
1956242
1960200
1964162
1968128
1972098
1976072
1980050
1984032
1988018
1992008
1996002
2000000
